0,6976673,0,0,003443064;0,7396098,0,04159697,0,1785458;0,6829779,0,05249422,0,354115;0,572643,0,08273189,0,4992437;0,4203057,0,1348798,0,5899321;0,2451911,0,1935061,0,5829834;0,09509221,0,2480988,0,4900295;0,00225922,0,2730766,0,3322049;0,0,2514833,0,1486863;0,08929725,0,1876959,0;0,227414,0,06493028,0,00168437;0,3124348,0,02234129,0,1601397;0,3391256,0,1296427,0,3082088;0,3488489,0,2829822,0,4108876;0,3635678,0,4595673,0,4633422;0,3911936,0,6421784,0,4697064;0,4288098,0,8146677,0,4150903;0,4911754,1,0,3165874;0,4911754,1,0,3165874;0,4911754,1,0,3165874;Air
0,684005,0,0;0,7379701,0,02438801,0,1657522;0,7340623,0,05689402,0,3386941;0,6544949,0,0919045,0,4917435;0,5217403,0,1372908,0,5980312;0,3630219,0,1961339,0,6462681;0,2018753,0,264878,0,6293319;0,07296041,0,3187573,0,5222863;0,0,3358235,0,3630182;0,0006553581,0,292778,0,1923504;0,08247963,0,1968529,0,06953357;0,2191733,0,09052685,0,1010043;0,3455439,0,08099406,0,2231534;0,3711011,0,2012252,0,3491381;0,3798344,0,355445,0,4335229;0,3893442,0,5244396,0,4818054;0,4043071,0,6997561,0,4863912;0,435353,1,0,3999762;0,435353,1,0,3999762;0,435353,1,0,3999762;Air
0,644832,0,0;0,7346541,0,03576707,0,1630273;0,7336042,0,06694474,0,3499819;0,6604207,0,1137429,0,5184434;0,5283356,0,1795204,0,6374058;0,3600153,0,2543359,0,6820835;0,1947403,0,3247299,0,6216348;0,06260891,0,3442638,0,4871548;0,0,3485291,0,3083054;0,04642794,0,3186762,0,1269813;0,1920557,0,2195786,0,05699999;0,3002761,0,113559,0,1709007;0,4213105,0,133282,0,3154236;0,4465935,0,2837908,0,4278204;0,4486586,0,461398,0,4939764;0,4553412,0,6505439,0,5041918;0,4879462,1,0,426013;0,4879462,1,0,426013;0,4879462,1,0,426013;0,4879462,1,0,426013;Air
0,7284504,0,0;0,7707227,0,03012447,0,1654824;0,7427271,0,0707631,0,3317461;0,6640164,0,1198793,0,4782762;0,5423719,0,1813101,0,5855503;0,3885511,0,2486072,0,6290143;0,2265699,0,3034022,0,600058;0,08911815,0,3498943,0,5050614;0,001610905,0,3357332,0,355995;0,0,2920849,0,1881525;0,06521162,0,2209597,0,04404316;0,2006375,0,1187495,0,008102082;0,3365469,0,0691504,0,1037443;0,4148103,0,1433232,0,2395827;0,4167203,0,2872658,0,336308;0,4115372,0,4547347,0,3810979;0,4095736,0,6277482,0,3929874;0,4199884,0,7979152,0,3611504;0,4392404,1,0,3174905;0,4392404,1,0,3174905;Air
0,6927016,0,0,06218994;0,6791192,0,02783635,0,2308107;0,6208585,0,07086207,0,386203;0,507507,0,1268392,0,5020059;0,3571323,0,1954771,0,5474876;0,2039518,0,2688938,0,5242924;0,06788444,0,3238121,0,4356247;0,0,3506881,0,2805063;0,01658916,0,3274031,0,1114652;0,1098066,0,2364177,0;0,2334247,0,1225863,0,0339598;0,3404966,0,1062152,0,1668504;0,3543618,0,2308401,0,2837636;0,35662,0,3867382,0,3550587;0,3595301,0,5563259,0,3800362;0,3739502,0,7255805,0,3568574;0,4316712,1,0,2770586;0,4316712,1,0,2770586;0,4316712,1,0,2770586;0,4316712,1,0,2770586;Air
0,712445,0,0,07695863;0,7131278,0,03362134,0,2473851;0,6543146,0,07405985,0,4057574;0,5380271,0,1233839,0,5250068;0,3812967,0,1792042,0,5749639;0,2203346,0,2421234,0,5574012;0,08162922,0,299595,0,4700292;0,003301713,0,3416359,0,3207864;0,0,3253185,0,1478734;0,08745465,0,2541067,0,01574995;0,2266715,0,1514098,0;0,3049844,0,09391632,0,1440057;0,351296,0,159847,0,2979032;0,3640374,0,295994,0,4050372;0,3671211,0,4604709,0,4608397;0,360965,0,6340693,0,4621505;0,3626877,0,8039177,0,425755;0,3963446,1,0,338034;0,3963446,1,0,338034;0,3963446,1,0,338034;Air
0,7194971,0,0,3655119;0,6137293,0,05939202,0,4874972;0,4787294,0,1198182,0,5753514;0,321369,0,1853234,0,5986195;0,1685069,0,2492988,0,5524137;0,04880091,0,3022419,0,4407797;0,0,2861437,0,276603;0,01081876,0,2292663,0,1146074;0,09424658,0,1318005,0;0,2264686,0,02690692,0,03330626;0,334212,0,00710903,0,1659489;0,3706535,0,08935907,0,3125831;0,3631895,0,2227657,0,4209418;0,3459569,0,385277,0,4746799;0,337801,0,5564705,0,4895434;0,3507204,0,7258109,0,4621286;0,4181944,1,0,360747;0,4181944,1,0,360747;0,4181944,1,0,360747;0,4181944,1,0,360747;Air
0,771696,0,05605403,0,5442647;0,6623859,0,09640399,0,6488562;0,5282978,0,1347557,0,72003;0,3771385,0,1653163,0,7471061;0,2252005,0,1839812,0,714202;0,1033706,0,1558046,0,6199697;0,02875648,0,106774,0,4913426;0,0,04990231,0,3483221;0,02830299,0,01117774,0,1992733;0,1034213,0,0,06234808;0,2335454,0,06079987,0;0,3204768,0,09717735,0,1250433;0,3693857,0,1696488,0,2549356;0,3823805,0,2788562,0,3663854;0,3905001,0,4121234,0,4481786;0,3976974,0,5609142,0,4964039;0,4163694,0,7153189,0,5144804;0,439283,0,8668959,0,482612;0,5258616,1,0,415523;0,5258616,1,0,415523;Air
0,8673148,0,0,377811;0,7803845,0,04761122,0,5231404;0,6455972,0,09721617,0,6247087;0,487224,0,1490029,0,6811043;0,3177477,0,195948,0,6768232;0,1611468,0,2390398,0,6092688;0,05356993,0,2464049,0,4702819;0,0,2531071,0,3028611;0,01786713,0,2453926,0,1280307;0,1291178,0,1987474,0;0,2852158,0,1193805,0,01669517;0,3714109,0,05500905,0,1558752;0,4525875,0,127891,0,2938715;0,4467094,0,2754994,0,3893786;0,4375789,0,4404897,0,4497045;0,45056,0,6130205,0,4814695;0,4727165,0,7875221,0,4798425;0,5545171,1,0,4332299;0,5545171,1,0,4332299;0,5545171,1,0,4332299;Air
0,7972103,0,04392427,0,5663087;0,6601565,0,07566386,0,6695189;0,4929534,0,0906195,0,7170888;0,3195532,0,1083345,0,7092119;0,1602896,0,1302077,0,6413876;0,05502941,0,1460847,0,5031426;0,0,1529309,0,3377087;0,0121888,0,1309133,0,1650526;0,09742082,0,1074935,0,01461832;0,2664198,0,06663885,0;0,3364124,0,0,1452714;0,4296651,0,02305891,0,2909274;0,4558727,0,178442,0,3658457;0,4470165,0,339942,0,4312887;0,4370024,0,5086075,0,4748217;0,4399867,0,6821582,0,4925624;0,4628229,0,8536826,0,470172;0,5253179,1,0,4042746;0,5253179,1,0,4042746;0,5253179,1,0,4042746;Air
0,925451,0,0,4716212;0,8457943,0,07028867,0,6175591;0,7039916,0,1088384,0,7223897;0,5337055,0,1310977,0,7779839;0,3538367,0,1424769,0,7679208;0,1866708,0,1564707,0,7012628;0,06176177,0,1701829,0,5716739;0,0,1504862,0,4032071;0,01649054,0,1444582,0,2235539;0,1109822,0,1123047,0,07315091;0,2724463,0,07821928,0;0,4126178,0,0223974,0,09909295;0,4695341,0,04877318,0,2683513;0,4864473,0,195584,0,372005;0,4699115,0,3478071,0,4675993;0,4703251,0,5161039,0,5328645;0,4775334,0,6962331,0,5420876;0,5055624,0,8723042,0,5138586;0,5631332,1,0,4792981;0,5631332,1,0,4792981;Air
0,7807445,0,05137716,0,6748175;0,6195455,0,08512223,0,7507052;0,4412265,0,1060525,0,7761436;0,2677365,0,1349278,0,7319824;0,119444,0,1605677,0,6308155;0,02014283,0,1751668,0,4797892;0,0,1743167,0,2995772;0,04282178,0,1498179,0,1250811;0,1639426,0,09914962,0;0,3215078,0,009725732,0,007707328;0,3887121,0,0,1758495;0,443075,0,09911125,0,3176397;0,4595962,0,2514697,0,4145766;0,4585745,0,4240312,0,4702929;0,4542951,0,6041297,0,4910057;0,4760202,0,7837876,0,4794355;0,5307158,1,0,4444933;0,5307158,1,0,4444933;0,5307158,1,0,4444933;0,5307158,1,0,4444933;Air
0,6978698,0,0;0,7962252,0,06106709,0,1639331;0,8349198,0,1112157,0,3543665;0,7834648,0,155073,0,5433267;0,6572324,0,1938968,0,6944395;0,4735935,0,2364299,0,7633213;0,2778326,0,2791655,0,7519912;0,1038433,0,3149483,0,6585872;0,009066708,0,3160602,0,4816883;0,0,2816111,0,2841837;0,0732232,0,2254786,0,1059576;0,2394437,0,1178718,0,07326941;0,2821195,0,08862036,0,267177;0,3204342,0,1965827,0,4319591;0,3153767,0,3762547,0,5212306;0,3151755,0,5735117,0,5581989;0,336608,0,7719776,0,5374869;0,4416376,1,0,4612907;0,4416376,1,0,4612907;0,4416376,1,0,4612907;Air
0,7621825,0,009426572,0,02074164;0,7671393,0,034931,0,2002996;0,7123896,0,05261221,0,3723634;0,5941245,0,07035171,0,5087994;0,4319904,0,09189681,0,5873134;0,2542017,0,1256943,0,5744671;0,0975299,0,1547437,0,4877135;0,0,1677466,0,3352833;0,004329721,0,146849,0,1551149;0,09938616,0,08986139,0,01147375;0,2565784,0,0;0,3191954,0,0261207,0,1682645;0,3163506,0,1652815,0,2846359;0,2982463,0,335351,0,3451727;0,2900619,0,5143024,0,3739042;0,2972431,0,6951494,0,3612974;0,3521635,1,0,2997823;0,3521635,1,0,2997823;0,3521635,1,0,2997823;0,3521635,1,0,2997823;Air
0,7651591,0,0;0,862629,0,01624945,0,1756271;0,8778203,0,0189085,0,3765537;0,8310698,0,02389069,0,5725099;0,7064928,0,03926422,0,7301601;0,5258885,0,05501818,0,8181555;0,3270586,0,08569674,0,8065452;0,1490433,0,1324727,0,7244971;0,03376659,0,1594071,0,561417;0,0,1644528,0,3628127;0,09785702,0,1331363,0,1894559;0,2623408,0,01678003,0,1934071;0,3659851,0,01244438,0,366174;0,3871285,0,1721158,0,4872827;0,3749115,0,3623308,0,5526914;0,3703195,0,5618339,0,5807405;0,3803038,0,7611399,0,5526915;0,4147904,1,0,4895735;0,4147904,1,0,4895735;0,4147904,1,0,4895735;Air
0,8169786,0,009364394,0,2850844;0,7944072,0,05929162,0,456578;0,7139136,0,1176159,0,6066822;0,5804793,0,178782,0,7109234;0,4193828,0,2498684,0,7484318;0,25496,0,3085135,0,7044074;0,1198497,0,3265613,0,5867991;0,02802199,0,2953111,0,4351306;0,0,2499195,0,2631811;0,04469298,0,1726837,0,1068181;0,1587588,0,08329061,0;0,3098359,0,0,05148404;0,3844419,0,0001590073,0,215332;0,4018255,0,1135019,0,3541248;0,3840847,0,2719849,0,437675;0,3770564,0,4464168,0,4816791;0,377359,0,6263267,0,4883533;0,398024,0,8031678,0,461661;0,4577731,1,0,417461;0,4577731,1,0,417461;Air
0,6904735,0,0;0,7296003,0,03316671,0,1703538;0,697695,0,04878477,0,3446795;0,6055646,0,06952664,0,4954545;0,455757,0,1049908,0,5846247;0,2868521,0,1560919,0,6072329;0,1282173,0,2168498,0,5543668;0,02515399,0,2575407,0,4151778;0,0,2596217,0,2390691;0,05959629,0,2119647,0,07835678;0,1906676,0,09688347,0,04331467;0,2980343,0,05339193,0,1783414;0,3459129,0,1847927,0,2883087;0,3312967,0,3513381,0,3491391;0,3269165,0,5280153,0,3695676;0,3339182,0,7049541,0,3523927;0,3938088,1,0,2518737;0,3938088,1,0,2518737;0,3938088,1,0,2518737;0,3938088,1,0,2518737;Air
0,8195357,0,00930499,0,1513988;0,8069394,0,03726722,0,32701;0,7094908,0,05734284,0,4749309;0,5686484,0,08853108,0,5796714;0,3969322,0,1233099,0,6125938;0,2260312,0,1649492,0,5836304;0,08328235,0,2133882,0,4884659;0,0,2408787,0,3332622;0,004895173,0,2260156,0,1556812;0,09286951,0,1685082,0,01169066;0,2353915,0,06206245,0;0,3646735,0,0,1058975;0,4130661,0,1214743,0,2270669;0,4225093,0,2734128,0,3198321;0,4252727,0,4447593,0,3689505;0,4331816,0,6227264,0,3756632;0,5286524,1,0,2982304;0,5286524,1,0,2982304;0,5286524,1,0,2982304;0,5286524,1,0,2982304;Air
0,7565231,0,0,08771069;0,7577229,0,03367095,0,2530236;0,7016245,0,07585765,0,4064406;0,5893969,0,1142723,0,5264106;0,4416633,0,1595605,0,5941402;0,2784427,0,2020951,0,597795;0,1285181,0,2521167,0,5387697;0,03037143,0,2746033,0,4033993;0,0,2606312,0,2380334;0,04726141,0,1890668,0,09274603;0,1553808,0,09866825,0;0,3091117,0,03020298,0,01195093;0,3904743,0,1220639,0,1277319;0,3764921,0,268646,0,210083;0,3730701,0,4291753,0,2618728;0,3784965,0,5960991,0,2857582;0,4071678,0,7623265,0,2826082;0,4679354,1,0,2550584;0,4679354,1,0,2550584;0,4679354,1,0,2550584;Air
0,8059395,0,0,2349186;0,7654883,0,01853621,0,3958943;0,6784525,0,06265861,0,5314341;0,5416161,0,09897432,0,6200344;0,3825108,0,1392421,0,6509703;0,2266297,0,1907752,0,6203355;0,09845313,0,2323618,0,5216726;0,01217444,0,2570304,0,3808163;0,0,2411526,0,215007;0,06581806,0,1876225,0,07114749;0,1915057,0,1037554,0;0,3131304,0,008037271,0,06275775;0,4005439,0,004716757,0,2050282;0,3975253,0,1456069,0,2946602;0,3781541,0,3070317,0,3328682;0,3611492,0,4730301,0,3398269;0,3596565,0,6393534,0,3247482;0,3917719,0,8001544,0,2930515;0,4444167,1,0,2393262;0,4444167,1,0,2393262;Air
0,7257734,0,0,1640831;0,6890522,0,02888794,0,3241101;0,6010077,0,06286071,0,4615352;0,4660403,0,09653102,0,553414;0,3064743,0,1408911,0,5724533;0,152721,0,1825074,0,5232633;0,04543007,0,1544981,0,3987814;0,0,1144998,0,2434499;0,01806418,0,06522387,0,08521842;0,1503354,0,01014407,0;0,284387,0,01253674,0,09907598;0,3285562,0,1166161,0,2215839;0,3142783,0,2589022,0,3072719;0,3101093,0,4174068,0,3587552;0,3153533,0,5837987,0,3675787;0,3286324,0,7480182,0,342138;0,3658303,0,9020237,0,2902706;0,403883,1,0,2482258;0,403883,1,0,2482258;0,403883,1,0,2482258;Air
0,7883744,0,0,441791;0,7318517,0,04314649,0,6051388;0,5948015,0,09247218,0,7077214;0,4217741,0,1273194,0,7319316;0,2502553,0,1628927,0,6994542;0,10477,0,2060204,0,6061109;0,01747867,0,2195315,0,4513963;0,0,2112323,0,2742958;0,05512099,0,1752264,0,1087537;0,1942335,0,1515775,0;0,3349553,0,09136061,0,09116063;0,3754654,0,0699255,0,2633187;0,3989204,0,1887904,0,3939325;0,4071476,0,3498763,0,4695804;0,4117253,0,5232388,0,5103657;0,4132309,0,7007341,0,5256001;0,4231458,0,8767554,0,499965;0,4805069,1,0,4231246;0,4805069,1,0,4231246;0,4805069,1,0,4231246;Air
0,7992986,0,0,1446163;0,7951953,0,02842565,0,3081708;0,7311308,0,05431052,0,4591697;0,6123808,0,07517157,0,5733545;0,4633212,0,1062425,0,6396174;0,3017351,0,1441016,0,6452371;0,1575845,0,1957455,0,5809844;0,05059537,0,2505136,0,4664037;0,0,2740835,0,3100083;0,02412203,0,2227718,0,1539308;0,1099139,0,1593005,0,02670619;0,2550003,0,08306625,0;0,3710844,0,0606089,0,116598;0,4292543,0,1720274,0,2251206;0,420308,0,323498,0,2925858;0,414371,0,48147,0,3434242;0,4256419,0,6455514,0,366341;0,4492702,0,8092297,0,3513047;0,5179754,1,0,2750977;0,5179754,1,0,2750977;Air
0,6734521,0,08710317,0,461128;0,5559494,0,1203687,0,5631736;0,407916,0,1501451,0,6134355;0,2526393,0,1837341,0,6040706;0,1184934,0,2088361,0,5222075;0,03430132,0,2158525,0,38734;0,0,2064558,0,232221;0,03693726,0,174929,0,08066746;0,1495608,0,09659971,0;0,2622173,0,0,05747862;0,3269711,0,0604899,0,1896705;0,3398783,0,1898893,0,2814093;0,3403408,0,3357434,0,3450737;0,3419579,0,4903999,0,3825639;0,3453301,0,6494632,0,3863401;0,3688976,0,80494,0,3618792;0,4377738,1,0,2805403;0,4377738,1,0,2805403;0,4377738,1,0,2805403;0,4377738,1,0,2805403;Air
0,6904329,0,0,06357526;0,7288203,0,03070036,0,2308128;0,7000442,0,07689946,0,3964089;0,6102918,0,1315765,0,5354751;0,4652468,0,1921394,0,6108313;0,3003424,0,2484342,0,6155134;0,1442745,0,2724236,0,5416771;0,03786192,0,2449193,0,4063835;0,0,1834484,0,2477257;0,03626683,0,1155964,0,09131174;0,1652537,0,04205011,0;0,2895283,0,01623742,0,1194739;0,3340886,0,1239335,0,2490903;0,3272055,0,2756162,0,3347028;0,3269455,0,4417262,0,3875408;0,3306335,0,6149278,0,4068304;0,3425271,0,7880431,0,390274;0,4170887,1,0,3202688;0,4170887,1,0,3202688;0,4170887,1,0,3202688;Air
0,8535973,0,0,1459202;0,8426376,0,02386055,0,3245505;0,7684523,0,06008902,0,4851191;0,6331971,0,102473,0,5969575;0,4667034,0,1410752,0,6551639;0,2923127,0,18767,0,6512898;0,1384225,0,2333662,0,5686586;0,0311123,0,2420602,0,4237202;0,0,2054806,0,2496737;0,04793316,0,1665531,0,08001142;0,1867229,0,08328368,0;0,3330186,0,03203301,0,09256992;0,3669238,0,1378681,0,234864;0,3727103,0,284234,0,3404186;0,3789146,0,4506725,0,4101175;0,384742,0,6294368,0,4347667;0,4553126,1,0,405554;0,4553126,1,0,405554;0,4553126,1,0,405554;0,4553126,1,0,405554;Air
0,8110358,0,0,3513036;0,7297612,0,03154419,0,4941159;0,6187902,0,08755174,0,6061181;0,4681664,0,1406308,0,6560282;0,3080456,0,1891333,0,653847;0,161039,0,2306205,0,5855549;0,05851649,0,2438941,0,4539917;0,0,2297965,0,2978731;0,001444812,0,1956951,0,1340716;0,0912808,0,1515336,0;0,2334045,0,06344412,0,006084154;0,3132012,0,08525303,0,1515241;0,3190883,0,1970152,0,2759046;0,3088823,0,3417232,0,3592794;0,2946006,0,5051059,0,3924161;0,2942764,0,6722868,0,3992265;0,3245846,0,835436,0,3777857;0,3700271,1,0,3486229;0,3700271,1,0,3486229;0,3700271,1,0,3486229;Air
0,7779672,0,0392273,0,2139697;0,7328259,0,04623027,0,3664031;0,6423919,0,07222971,0,4947325;0,5096415,0,1108749,0,5735146;0,3609294,0,1579873,0,6049445;0,2108673,0,2004774,0,5733427;0,08942622,0,2294814,0,4746839;0,01464137,0,2192418,0,3345943;0,0,1854541,0,1797824;0,06297089,0,1437572,0,03971545;0,1938791,0,06246478,0;0,3078178,0,0,0918631;0,3390886,0,1115325,0,2009747;0,3330243,0,2514313,0,2765675;0,3247941,0,4046656,0,3186893;0,3151528,0,5629542,0,3318985;0,3129668,0,7217444,0,3217203;0,3342039,0,8764741,0,2912169;0,392775,1,0,2344655;0,392775,1,0,2344655;Air
0,8193629,0,07798891,0,4726086;0,7093015,0,1135829,0,6144642;0,5515435,0,1516214,0,6991342;0,3729962,0,1914313,0,7054211;0,2034431,0,2270877,0,6463969;0,06999489,0,2738698,0,5301793;0,0,2940068,0,3622546;0,03354927,0,266156,0,1844843;0,1364653,0,2217122,0,03978969;0,2858576,0,1237214,0;0,3738286,0,01615947,0,1191429;0,4386443,0,0,289558;0,472891,0,1357668,0,4074479;0,4732555,0,3162955,0,4376597;0,4509656,0,4969296,0,4571011;0,4448339,0,6764544,0,4922687;0,4534306,0,8590086,0,4820926;0,5371382,1,0,4082135;0,5371382,1,0,4082135;0,5371382,1,0,4082135;Air
0,8088534,0,0,1048946;0,7916055,0,01420036,0,2859639;0,7178476,0,04527525,0,4499131;0,5869318,0,09498581,0,5668536;0,4164307,0,1446566,0,6086558;0,2405167,0,189364,0,590197;0,09422947,0,2203854,0,4856842;0,003077595,0,2333655,0,3281784;0,0,2024877,0,1483944;0,09141598,0,148567,0;0,2391274,0,05016792,0,04223951;0,3480622,0,02132316,0,1857191;0,3870353,0,1585595,0,2994402;0,3858247,0,324957,0,3742442;0,3758813,0,5030628,0,4125149;0,366708,0,685222,0,4081459;0,3814459,0,8632513,0,371085;0,4196946,1,0,3117871;0,4196946,1,0,3117871;0,4196946,1,0,3117871;Air
0,8217778,0,06944589,0,3688163;0,7345003,0,1113484,0,5111377;0,6000872,0,1503666,0,6113335;0,4417908,0,1964753,0,6607784;0,2736912,0,229073,0,6432163;0,1229428,0,2581364,0,5653782;0,02289446,0,2781146,0,4267429;0,0,2501451,0,2584513;0,03505946,0,207124,0,09551407;0,1399343,0,1096208,0;0,2788288,0,009131449,0,01545111;0,3983176,0,0,1390132;0,4199332,0,1319843,0,2473711;0,4237742,0,2865966,0,3229278;0,4268395,0,4508766,0,3742231;0,4295654,0,622408,0,3882965;0,4618002,0,7896556,0,3634429;0,5225499,1,0,2918454;0,5225499,1,0,2918454;0,5225499,1,0,2918454;Air
0,7715893,0,1108955,0,5132321;0,6570059,0,1533789,0,6361933;0,5134849,0,2141852,0,7120746;0,3506196,0,2723306,0,7242264;0,195663,0,3224669,0,6648255;0,07062586,0,3557058,0,5494368;0,0,365673,0,3914295;0,001365595,0,3170204,0,2250423;0,06248154,0,2308865,0,08756696;0,1784257,0,1363211,0;0,3132838,0,03361851,0,03632008;0,3895812,0,0,188314;0,4128483,0,08592214,0,3370745;0,4239168,0,2318397,0,4300218;0,418761,0,3998281,0,4725306;0,4167378,0,5723947,0,4889719;0,4185202,0,7446957,0,4699238;0,44649,0,9056777,0,4119916;0,4767571,1,0,3457817;0,4767571,1,0,3457817;Air
0,5329788,0,2491975,0,7570713;0,3736549,0,3013897,0,7629697;0,2172676,0,3465748,0,7224206;0,08372816,0,3924447,0,6318331;0,0006640146,0,4294799,0,4908662;0,0,4240298,0,3231975;0,04794611,0,3705299,0,1715997;0,1293152,0,2785799,0,05728787;0,2454903,0,171976,0;0,3578916,0,05383924,0,0394026;0,4148586,0,0,1877233;0,442575,0,03523015,0,3493821;0,4457474,0,1655956,0,4549175;0,4402452,0,3295178,0,4901617;0,4374148,0,4965061,0,5059685;0,4424544,0,6640741,0,4997617;0,4766564,0,8228841,0,4578983;0,5459893,1,0,3765863;0,5459893,1,0,3765863;0,5459893,1,0,3765863;Air
0,7141049,0,09662379,0,08907542;0,6918119,0,09708283,0,2749713;0,6023484,0,123729,0,4372695;0,4610702,0,1710725,0,5506429;0,2868372,0,2279332,0,5889075;0,1230697,0,3006132,0,5345724;0,02285138,0,3664733,0,3907906;0,0,3791098,0,2053921;0,05498948,0,2871862,0,05183209;0,1376046,0,1273656,0;0,2287913,0,0,1025547;0,294157,0,01324576,0,2775013;0,3254922,0,1665102,0,380373;0,3159655,0,3496869,0,4179231;0,3032477,0,536326,0,4255751;0,2975808,0,721918,0,4015349;0,3261865,0,8908777,0,3261109;0,3445843,1,0,2682714;0,3445843,1,0,2682714;0,3445843,1,0,2682714;Air
0,7408548,0,05037367,0,3368505;0,7097862,0,1141716,0,5052893;0,5911873,0,1812844,0,6270973;0,42947,0,2398867,0,6889059;0,252748,0,2851579,0,677642;0,1028423,0,3135748,0,5770051;0,005542909,0,329704,0,423123;0,0,3113505,0,2413554;0,06482661,0,2586081,0,07880448;0,1865554,0,1473472,0;0,3002584,0,03333917,0,08649176;0,387937,0,0,2433611;0,4161195,0,1055347,0,3899053;0,4118355,0,2730716,0,4628442;0,4053827,0,4528816,0,4949962;0,3973394,0,6352164,0,4851806;0,3939786,0,8086348,0,4275453;0,4091434,1,0,2895766;0,4091434,1,0,2895766;0,4091434,1,0,2895766;Air
0,8292772,0,1111714,0,09974026;0,8227727,0,1651075,0,2813702;0,7262937,0,2124412,0,4375501;0,5718361,0,2597114,0,5367934;0,3916588,0,3079067,0,5707669;0,2142214,0,3576124,0,5262008;0,06696116,0,3825026,0,4094284;0,0,2910377,0,2574705;0,004688077,0,1786314,0,1048805;0,1084067,0,05953755,0;0,2663341,0,0,08634277;0,3556107,0,1220853,0,2006481;0,359773,0,2958533,0,2763331;0,3544466,0,477341,0,3308736;0,3532802,0,66624,0,3468949;0,3699623,0,8522854,0,3144971;0,4299197,0,9970763,0,2078126;0,3999545,1,0,1945758;0,3999545,1,0,1945758;0,3999545,1,0,1945758;Air
0,7742142,0,1538106,0,4354752;0,6892852,0,2204272,0,5923353;0,5282221,0,274479,0,6783172;0,3427853,0,3171991,0,6849498;0,1681637,0,3536547,0,6183608;0,04428489,0,3897087,0,4783253;0,0,3749768,0,293724;0,05545423,0,3236909,0,1189374;0,1935239,0,2684961,0;0,3218137,0,1355014,0,04593393;0,4246377,0,01151831,0,1474782;0,4155784,0,0,337323;0,4538768,0,1177866,0,4819444;0,441761,0,3030269,0,5243124;0,4108267,0,4905095,0,5121002;0,3930179,0,6753963,0,4702016;0,4183314,0,8519245,0,4034719;0,4896754,1,0,3098264;0,4896754,1,0,3098264;0,4896754,1,0,3098264;Air
0,7367489,0,09590755,0,3119951;0,6642846,0,1505839,0,4796981;0,5159453,0,1977956,0,5898406;0,341702,0,261056,0,6345874;0,1667382,0,3261229,0,5956153;0,04994194,0,3563819,0,4479404;0,0,3271058,0,266244;0,02333707,0,2427569,0,09681698;0,1300485,0,117841,0;0,2656407,0,0001036549,0,06416805;0,3782596,0,0,2180571;0,3834881,0,16522,0,3131355;0,3654356,0,3415109,0,3835664;0,3549855,0,5255946,0,4322371;0,3555366,0,7160132,0,4425002;0,3743553,0,8996399,0,3946261;0,4190418,1,0,3117374;0,4190418,1,0,3117374;0,4190418,1,0,3117374;0,4190418,1,0,3117374;Air
0,7693159,0,02047949,0,4881012;0,6386383,0,05088079,0,6105503;0,4740862,0,08648765,0,6787367;0,2971356,0,1273205,0,6827124;0,1363187,0,1799542,0,616665;0,03603415,0,2263176,0,4724842;0,0,2523904,0,2963695;0,03310509,0,2281225,0,1194238;0,1423352,0,145652,0;0,2764524,0,02517054,0,02216855;0,3974288,0,0,1553069;0,4310411,0,1338893,0,2733684;0,4022585,0,293828,0,3545216;0,3781954,0,4620908,0,418578;0,36946,0,6422256,0,4402529;0,3673005,0,8229896,0,4225226;0,4328281,1,0,313663;0,4328281,1,0,313663;0,4328281,1,0,313663;0,4328281,1,0,313663;Air
0,8052558,0,1078807,0,439223;0,6874435,0,1231536,0,585464;0,5270055,0,1508712,0,680284;0,3414342,0,1802245,0,6944658;0,1652989,0,2240991,0,6439599;0,04849556,0,2839691,0,5087858;0,0,3174641,0,3298286;0,02650806,0,3066441,0,1436037;0,1397238,0,2612609,0;0,2695098,0,124912,0,008001626;0,3457692,0,01861461,0,1435923;0,4353679,0,0,308289;0,4771665,0,1546327,0,4074911;0,450092,0,3394581,0,4321084;0,4102082,0,5234036,0,4235787;0,3849605,0,7093098,0,4062317;0,390661,0,8961762,0,3828248;0,3949443,1,0,267383;0,3949443,1,0,267383;0,3949443,1,0,267383;Air
0,7552858,0,06796166,0,1038048;0,7542565,0,08054442,0,2887864;0,67713,0,09170428,0,457026;0,5369885,0,1057675,0,5776087;0,3647625,0,1437283,0,6348343;0,1954294,0,2039538,0,5892622;0,06740143,0,2762417,0,4762981;0,0,290774,0,3041835;0,01375436,0,2533585,0,1231075;0,1128504,0,156394,0;0,2351711,0,02711929,0,0519932;0,3393698,0,0,2029394;0,3822961,0,1293145,0,328688;0,3687409,0,2985242,0,4032663;0,3559832,0,4762432,0,4545577;0,3436687,0,6607006,0,46875;0,358221,0,8419566,0,4325275;0,4063322,1,0,3622062;0,4063322,1,0,3622062;0,4063322,1,0,3622062;Air
0,8278835,0,05606114,0,3631037;0,7511441,0,07704282,0,5172799;0,6236962,0,1080033,0,6308491;0,4663782,0,1467538,0,6928889;0,2989846,0,1923475,0,692987;0,1433223,0,230573,0,6265975;0,04268162,0,2525292,0,4869951;0,0,2410948,0,3192244;0,02227793,0,2020173,0,1516652;0,1071999,0,1246491,0,02165793;0,251355,0,03057619,0;0,3647673,0,0,12768;0,3929084,0,1159216,0,2536551;0,3951499,0,2575977,0,3537667;0,3986461,0,4175727,0,4208131;0,4036206,0,5880858,0,4524362;0,4307238,0,7592717,0,4601991;0,5132153,1,0,4351475;0,5132153,1,0,4351475;0,5132153,1,0,4351475;Air
0,9660509,0,03712368,0,183835;0,9312185,0,07394496,0,3929561;0,8260618,0,1136967,0,5764297;0,6480817,0,1601623,0,6880754;0,4396935,0,2028416,0,7205338;0,2360942,0,2455736,0,6655609;0,08023494,0,2741183,0,51998;0,0,2776902,0,3203545;0,06146847,0,2353595,0,1185366;0,2037046,0,1257297,0;0,3594391,0,0,07899059;0,4318011,0,01171976,0,2812951;0,4578831,0,1813753,0,4110542;0,4601053,0,379315,0,4954085;0,4614987,0,592429,0,525094;0,4828262,0,8057885,0,5071064;0,444391,1,0,4228133;0,4584268,0,9085717,0,461881;0,4584268,0,9085717,0,461881;0,4584268,0,9085717,0,461881;Air
0,9316854,0,1011802,0,5456365;0,8141129,0,1445776,0,6779389;0,6572652,0,189888,0,7589096;0,4819374,0,2283865,0,790351;0,3053154,0,258644,0,7571895;0,1463328,0,2719192,0,6691052;0,04598917,0,2667921,0,5170678;0,0,2195237,0,3471819;0,01767031,0,1783775,0,1705317;0,1113329,0,1394832,0,01912144;0,269047,0,05020179,0;0,3821666,0,0,1337694;0,4516891,0,08609489,0,2785617;0,4552883,0,2327926,0,3866235;0,4534131,0,3965959,0,4664702;0,4548766,0,5747085,0,5049969;0,4601226,0,7568276,0,5010417;0,4958586,0,9244407,0,4390798;0,4702552,1,0,3636501;0,4702552,1,0,3636501;Air
0,810806,0,0332482,0,3810742;0,7049856,0,0809983,0,5198762;0,5622724,0,1344384,0,6174523;0,3885151,0,1731661,0,6498958;0,2153133,0,2140491,0,6171284;0,07123642,0,244761,0,5120445;0,0,2474405,0,3457249;0,01523664,0,2097519,0,1693973;0,09722991,0,1533762,0,01825872;0,2435935,0,04855104,0;0,3178152,0,0,1577275;0,3876632,0,06278093,0,3124007;0,4130047,0,2173175,0,4030664;0,402144,0,3929297,0,4453322;0,3873862,0,5725002,0,4620848;0,3824233,0,7524845,0,444057;0,4113842,1,0,3630722;0,4113842,1,0,3630722;0,4113842,1,0,3630722;0,4113842,1,0,3630722;Air
0,8596547,0,06375596,0,2693412;0,8090078,0,08489643,0,4584014;0,6881278,0,1096163,0,6118053;0,5129905,0,1379507,0,6971276;0,3164763,0,1492227,0,6938328;0,140388,0,187038,0,6143424;0,02846272,0,2407246,0,4615475;0,0,2902335,0,2731476;0,0643131,0,2571857,0,09004261;0,1959931,0,1418232,0;0,304764,0,005611637,0,09149361;0,3879281,0,0,2698417;0,4208811,0,1318572,0,412262;0,4028545,0,3121804,0,4891671;0,3946497,0,5018739,0,5411754;0,4152486,0,6976341,0,5442457;0,4861408,0,8756812,0,4991976;0,5366068,1,0,4610092;0,5366068,1,0,4610092;0,5366068,1,0,4610092;Air
0,7249743,0,1036246,0,3074219;0,6497167,0,1415403,0,4500934;0,5292404,0,1732685,0,5593418;0,3751307,0,2030462,0,6124452;0,2157288,0,2371648,0,5827233;0,0824891,0,2682344,0,4892443;0,001549356,0,2768083,0,3449124;0,0,2363204,0,1842426;0,06763034,0,1876529,0,04101521;0,1948969,0,08978865,0;0,2852632,0,0,105964;0,3456002,0,03983005,0,2550596;0,3545538,0,1686136,0,3589397;0,3447132,0,3203824,0,4247108;0,3400697,0,4814748,0,4632353;0,3445522,0,6470139,0,4689922;0,3672667,0,8096805,0,4470803;0,4061328,1,0,4204788;0,4061328,1,0,4204788;0,4061328,1,0,4204788;Air
0,8065108,0,06925569,0,3283738;0,7402844,0,1028751,0,4933267;0,5991669,0,1411453,0,5998484;0,4245341,0,1718616,0,6357027;0,2497782,0,2102802,0,609056;0,09983169,0,2489116,0,5155183;0,0,269232,0,3660313;0,0009582715,0,2373128,0,1879698;0,07896695,0,1899348,0,03177884;0,2260978,0,08959407,0;0,3253152,0,0,1218788;0,3785916,0,04713001,0,2882099;0,3786534,0,1840841,0,4064014;0,3667457,0,3469935,0,4841471;0,355914,0,5245188,0,5172089;0,361254,0,705281,0,5219194;0,428141,1,0,478449;0,428141,1,0,478449;0,428141,1,0,478449;0,428141,1,0,478449;Air
0,7657684,0,2000072,0,4979942;0,6468692,0,2396038,0,6266508;0,4944403,0,2936673,0,7047534;0,3235341,0,3485558,0,7107294;0,1640824,0,4012851,0,6470725;0,05482556,0,4162579,0,5053116;0,0,388961,0,336473;0,01436444,0,3357938,0,1655218;0,09836943,0,2483078,0,03305759;0,2359018,0,1376305,0;0,3195843,0,03333229,0,1199022;0,4023256,0,0,2757876;0,4430927,0,09142767,0,4249064;0,4318008,0,2490894,0,5101864;0,4070205,0,424757,0,538191;0,3983639,0,6041511,0,5376829;0,4107857,0,7806276,0,5067127;0,4807288,1,0,3977471;0,4807288,1,0,3977471;0,4807288,1,0,3977471;Air
0,5901337,0,2367889,0,6769282;0,442383,0,2747175,0,7116037;0,2907155,0,3118751,0,7022496;0,1516539,0,3299236,0,6329144;0,04642518,0,3399611,0,5176001;0,0,3193012,0,3696504;0,01482544,0,2748084,0,2204129;0,0818923,0,2219784,0,08933176;0,1957458,0,1625777,0;0,3066536,0,06156746,0,04435789;0,3791498,0,0,1685553;0,4160741,0,0665786,0,3052122;0,4184303,0,1797829,0,4131496;0,4124552,0,3067456,0,5043416;0,4065049,0,4489472,0,5692612;0,4083479,0,6036955,0,5920824;0,4296106,0,7585285,0,5853087;0,5309958,1,0,5194796;0,5309958,1,0,5194796;0,5309958,1,0,5194796;Air
0,9171285,0,04554724,0,5250685;0,8313565,0,08408982,0,6938039;0,6947971,0,1328993,0,8214093;0,5193114,0,1966066,0,8710092;0,3323497,0,2406261,0,8504757;0,1640194,0,2383001,0,7557471;0,03750595,0,2183813,0,6111387;0,0,1638426,0,4296646;0,03071547,0,1134886,0,2457216;0,1290628,0,06498075,0,0866971;0,297767,0,02842266,0;0,4330758,0,0,1348988;0,4524931,0,08518813,0,3071775;0,4380947,0,2276102,0,4368796;0,4332994,0,3917747,0,5385706;0,453205,0,5684448,0,6141049;0,4823516,0,7513561,0,6689497;0,5923833,1,0,6637854;0,5923833,1,0,6637854;0,5923833,1,0,6637854;Air
0,7513106,0,1289626,0,8768061;0,5720347,0,1648893,0,9350526;0,38375,0,2018322,0,9377694;0,2114048,0,2277237,0,8574572;0,0757891,0,2341837,0,7218479;0,0,1899633,0,5511909;0,006001958,0,1471661,0,3642266;0,07873254,0,09299583,0,1951139;0,2039348,0,05253947,0,05543238;0,3799749,0,0;0,4344605,0,02605294,0,1821423;0,4512146,0,1370579,0,3377715;0,4310191,0,268617,0,4760018;0,431157,0,4211374,0,5924525;0,4456923,0,5941383,0,6742001;0,4591974,0,7794103,0,7223165;0,5375084,0,95375,0,7395298;0,5730414,1,0,7327812;0,5730414,1,0,7327812;0,5730414,1,0,7327812;Air
0,8065617,0,04254969,0;0,9273188,0,07175043,0,1869536;0,9453629,0,08282258,0,4104227;0,8607123,0,0959658,0,6179031;0,7115236,0,1141774,0,7846295;0,5104533,0,1636748,0,8712745;0,296441,0,2303484,0,8594434;0,1106822,0,2942365,0,750822;0,01040271,0,2541331,0,554042;0,0,1805214,0,3422409;0,1067195,0,09929407,0,1622418;0,3078805,0,0,1700878;0,3232645,0,07005591,0,3827898;0,3076095,0,2234222,0,545947;0,3062016,0,4075388,0,6743437;0,3272009,0,6236077,0,7314392;0,3790096,0,8389682,0,7678025;0,4574448,1,0,744855;0,4574448,1,0,744855;0,4574448,1,0,744855;Air
0,8585365,0,04561268,0,2729089;0,8014026,0,07267372,0,4482364;0,6861503,0,09825619,0,5924541;0,5209647,0,1256791,0,6742958;0,340534,0,1652583,0,6990859;0,1676395,0,2076802,0,6439117;0,05278953,0,2463415,0,5023097;0,0,2298777,0,3243251;0,01937637,0,1854217,0,1443681;0,1258826,0,1349182,0;0,2754249,0,02407405,0,009327427;0,3458788,0,0,180187;0,3521099,0,115032,0,3266968;0,3423967,0,2624751,0,440286;0,3366248,0,4350542,0,5104249;0,3522601,0,6175226,0,5450248;0,408829,0,7951034,0,5438646;0,493187,1,0,5141844;0,493187,1,0,5141844;0,493187,1,0,5141844;Air
0,9194052,0,02517068,0,1082268;0,9547147,0,05873748,0,3230924;0,9109833,0,1018249,0,5346859;0,7730072,0,1456985,0,7007533;0,5846077,0,1977683,0,8024149;0,3736444,0,2567032,0,8261186;0,1775673,0,3098901,0,7408798;0,04605534,0,3136432,0,5641561;0,0,2531502,0,3573706;0,04358877,0,1874135,0,1516537;0,1865984,0,1160685,0;0,3762872,0,01708632,0,05254894;0,4396396,0,0,2628707;0,4622999,0,09672946,0,4595193;0,4596063,0,2641637,0,6026948;0,4570028,0,4742302,0,6690727;0,4545191,0,6944683,0,6745279;0,485293,1,0,6423222;0,485293,1,0,6423222;0,485293,1,0,6423222;Air
0,8258767,0,02844654,0,117291;0,8582613,0,06911174,0,3087946;0,8192136,0,1148632,0,4978928;0,6840345,0,1619669,0,6353114;0,5115036,0,2207166,0,7137819;0,3224545,0,2807909,0,7190316;0,1537912,0,326451,0,6249896;0,03146901,0,3319415,0,4688385;0,0,2899402,0,2774706;0,0519058,0,2302814,0,09547432;0,1730756,0,1054672,0;0,3095166,0,0,09816601;0,364171,0,09161416,0,2654854;0,3771618,0,2395177,0,3971359;0,3868566,0,4126326,0,4936412;0,3858527,0,6026065,0,5509555;0,3930169,0,7995019,0,5745559;0,4187348,1,0,5689223;0,4187348,1,0,5689223;0,4187348,1,0,5689223;Air
0,9017934,0,005727429,0,4315175;0,8372096,0,06898272,0,6126733;0,7025248,0,1321433,0,7500068;0,5185801,0,1942543,0,8074203;0,3241465,0,2477895,0,7895527;0,1490723,0,284763,0,6948335;0,0312513,0,270061,0,5308463;0,0,2329372,0,3342886;0,05444011,0,1972719,0,1425753;0,1958224,0,1713283,0;0,3649121,0,06085523,0,01393175;0,359223,0,0,2069447;0,3758596,0,04332535,0,4040129;0,3860605,0,1790486,0,5538957;0,3892242,0,3673199,0,6282841;0,396876,0,5688751,0,6457955;0,4078498,0,7699713,0,6250663;0,4711293,1,0,6181713;0,4711293,1,0,6181713;0,4711293,1,0,6181713;Air
0,8489809,0,1044295,0,5469664;0,7501693,0,1535631,0,6912899;0,5993266,0,2059118,0,7779685;0,4257102,0,2507287,0,8072242;0,2518842,0,2836587,0,7659054;0,1098683,0,2938882,0,6530606;0,02175841,0,2751012,0,4952924;0,0,2215789,0,3230453;0,04925779,0,1626454,0,1584013;0,1648532,0,1152995,0,02648021;0,3369421,0,06342156,0;0,3758217,0,0,1657504;0,362431,0,02919501,0,3445672;0,3596491,0,1465364,0,4832408;0,3641279,0,3185112,0,5416508;0,3689768,0,497302,0,5735479;0,3752237,0,6771607,0,5984254;0,3930509,0,8579026,0,6030805;0,4215378,1,0,5901762;0,4215378,1,0,5901762;Air
0,8528802,0,1993438,0,3144835;0,8124343,0,2567829,0,4875496;0,6913587,0,3037285,0,6218024;0,5189268,0,3309303,0,6882423;0,3339734,0,3568791,0,6858082;0,1634364,0,3791228,0,6129432;0,04668801,0,3709768,0,4673737;0,0,3371322,0,2897174;0,02879435,0,2738038,0,1163756;0,1396821,0,1786848,0;0,2521817,0,03429097,0,03716541;0,3207211,0,0,2074988;0,3284549,0,1259882,0,345173;0,3292249,0,2946694,0,4253793;0,3359154,0,4749467,0,4737768;0,3486965,0,6594755,0,4997144;0,3696148,0,8450624,0,497087;0,4237252,1,0,4446197;0,4237252,1,0,4446197;0,4237252,1,0,4446197;Air
0,8577248,0,1669147,0,1255751;0,8774416,0,2248154,0,310722;0,8215287,0,2705437,0,4918387;0,6807559,0,3038399,0,6225866;0,5007684,0,3331009,0,6916436;0,3085401,0,3650022,0,6844849;0,1398961,0,3890554,0,58961;0,02978058,0,3981626,0,428948;0,0,3892698,0,2364522;0,06526686,0,3066937,0,07231187;0,1917584,0,1771117,0;0,299602,0,03342506,0,07579264;0,3643306,0,0,2566616;0,3627877,0,1583991,0,3703628;0,353997,0,3442774,0,4286088;0,3577736,0,5293356,0,4899262;0,3718795,0,7217624,0,5180967;0,4209621,0,9093562,0,4976011;0,4461912,1,0,4875987;0,4461912,1,0,4875987;Air
0,8447846,0,1376776,0,1618565;0,889688,0,1988382,0,3534433;0,8437586,0,2574933,0,5455695;0,71273,0,3099581,0,6957073;0,5312818,0,3659097,0,7757598;0,3321175,0,4187134,0,7729691;0,1586567,0,4628482,0,6708618;0,03826887,0,4739516,0,5039909;0,0,4458704,0,3034683;0,07217738,0,3770182,0,1231568;0,2126152,0,2900007,0;0,3191916,0,1178244,0,03819976;0,349477,0,0,2045206;0,3952782,0,06091621,0,3959727;0,411802,0,2463272,0,4843591;0,4116413,0,4466524,0,532652;0,4250135,0,6487969,0,5703505;0,4583921,0,8513073,0,588731;0,524771,1,0,5447918;0,524771,1,0,5447918;Air
0,8989813,0,1382694,0,182977;0,9177119,0,2071864,0,3745957;0,8584203,0,283236,0,5549261;0,7204694,0,3446555,0,692822;0,5354388,0,3925596,0,7655336;0,3354079,0,4281179,0,7422665;0,1560076,0,4573729,0,6485767;0,02580619,0,4567756,0,4908893;0,0,4223827,0,2909661;0,05321177,0,3491362,0,1076043;0,1853047,0,2360396,0;0,2881477,0,07009171,0,0608499;0,3743461,0,0,232533;0,4309395,0,1138895,0,3926719;0,4303223,0,3042115,0,4674732;0,4318081,0,5017226,0,520438;0,4392277,0,7045989,0,545019;0,4816605,1,0,5423833;0,4816605,1,0,5423833;0,4816605,1,0,5423833;Air
0,9020078,0,1654536,0,1906499;0,9286196,0,2303237,0,394995;0,8731432,0,2927192,0,5942497;0,7330704,0,350937,0,7480793;0,534026,0,4061786,0,8113478;0,3248114,0,4554726,0,7896084;0,1400391,0,4837302,0,6812851;0,02705647,0,4614358,0,498498;0,0,412068,0,2899218;0,06530873,0,3535959,0,0924654;0,1794134,0,195155,0;0,2658403,0,03338074,0,114161;0,3471579,0,0,3115094;0,3846428,0,1434419,0,468648;0,3865409,0,3469062,0,5412562;0,386868,0,5611616,0,5689644;0,395107,0,7770438,0,5684552;0,4605317,1,0,5303494;0,4605317,1,0,5303494;0,4605317,1,0,5303494;Air
0,8017393,0,2526175,0,2378662;0,8234995,0,2787775,0,4173227;0,7348655,0,3237137,0,5705782;0,588932,0,3609262,0,6739278;0,412465,0,3983022,0,7026497;0,2420287,0,4092846,0,6378939;0,1078914,0,4011124,0,5141889;0,02178167,0,3584395,0,3588614;0,0,2728408,0,1989836;0,06384488,0,1952835,0,04643467;0,197148,0,07936722,0;0,3019996,0,0,1267654;0,3600001,0,0527956,0,2917232;0,373702,0,2021582,0,3959612;0,3790103,0,373727,0,458399;0,3858362,0,5531686,0,4918146;0,4153164,0,7317294,0,516502;0,5060558,1,0,459213;0,5060558,1,0,459213;0,5060558,1,0,459213;Air
0,8648486,0,09951051,0,1230964;0,9134264,0,1607078,0,3150646;0,8826258,0,2178832,0,5118869;0,7524064,0,2569733,0,668321;0,5734879,0,3004402,0,7634814;0,3697936,0,3371957,0,7527843;0,1836246,0,3656412,0,666247;0,0551103,0,3905671,0,5055625;0,0,3749473,0,3063751;0,05152557,0,3170324,0,1141573;0,1853085,0,2073649,0;0,2938365,0,04587868,0,07141866;0,369037,0,0,2590267;0,4000955,0,1484228,0,4003163;0,4130971,0,3421983,0,4726954;0,4196959,0,5474495,0,5007154;0,4373254,0,7538845,0,5062425;0,484411,1,0,4708618;0,484411,1,0,4708618;0,484411,1,0,4708618;Air
0,9624059,0,2754763,0,3573325;0,8807504,0,3027343,0,5329334;0,7630307,0,339195,0,6847851;0,5971939,0,3708679,0,7834828;0,4040009,0,3941325,0,8030149;0,2201075,0,4175582,0,7407197;0,08346117,0,4285665,0,6012462;0,0,4143632,0,4249545;0,005527645,0,3930373,0,2306328;0,09105196,0,3250577,0,06842729;0,2141861,0,189404,0;0,2917032,0,02823143,0,07912508;0,392058,0,0,2445885;0,422786,0,1411093,0,3764606;0,4152071,0,3037643,0,4847758;0,4148345,0,489642,0,5455672;0,424706,0,684435,0,559868;0,4655211,0,8741714,0,5357755;0,4996719,1,0,5020756;0,4996719,1,0,5020756;Air
0,9085779,0,2319908,0,3951001;0,8438126,0,2952064,0,5722669;0,7014435,0,3494531,0,700201;0,5168242,0,3845375,0,7654974;0,3220426,0,4186025,0,7436221;0,1510588,0,441096,0,6444386;0,02764702,0,4526164,0,4888248;0,0,432787,0,2928114;0,06249307,0,3808695,0,1112129;0,1959334,0,2838945,0;0,3021576,0,1166575,0,01808516;0,3782973,0,0,1601154;0,4392743,0,0403955,0,3451258;0,4540067,0,2032811,0,4583956;0,4552469,0,3970832,0,5033177;0,4538703,0,5954762,0,5180538;0,4708043,0,7925358,0,5394917;0,5157725,1,0,5266587;0,5157725,1,0,5266587;0,5157725,1,0,5266587;Air
0,8974305,0,2635508,0,1437453;0,9349824,0,3379838,0,3518317;0,8532252,0,3796005,0,5563655;0,6804491,0,4122927,0,6953979;0,4644737,0,4477916,0,7438209;0,2495169,0,4905943,0,6967907;0,07446548,0,5322342,0,5630992;0,0,5179083,0,352149;0,04032178,0,4669658,0,1376045;0,1802733,0,3586657,0;0,2509184,0,1500046,0,04147443;0,3146439,0,0,1953835;0,3646325,0,0620189,0,404919;0,3668293,0,2696417,0,4894073;0,3796104,0,4886978,0,535248;0,3993909,0,7079026,0,5777724;0,4608777,0,9233736,0,5712956;0,4970763,1,0,5250049;0,4970763,1,0,5250049;0,4970763,1,0,5250049;Air
0,920889,0,1662527,0,1254461;0,9472721,0,2491971,0,3289758;0,8397726,0,2786121,0,5202315;0,6756858,0,2951752,0,6678845;0,4610057,0,3119041,0,7191949;0,2463939,0,3463807,0,6773221;0,07399862,0,3962282,0,5477256;0,0,429313,0,3417408;0,02615329,0,3777085,0,1280748;0,1394359,0,2371237,0;0,2494369,0,04922399,0,03992021;0,3686428,0,0,2198289;0,4140819,0,1163505,0,4025801;0,4059885,0,3286336,0,4647937;0,4048826,0,5497823,0,4743945;0,4203146,0,7672032,0,5129981;0,5246542,1,0,4852983;0,5246542,1,0,4852983;0,5246542,1,0,4852983;0,5246542,1,0,4852983;Air
0,776732,0,1790019,0,1731749;0,7961115,0,2605776,0,3520359;0,7243559,0,3377001,0,5191428;0,567312,0,398645,0,6223143;0,3774373,0,4445315,0,6516991;0,1883901,0,4766281,0,6042399;0,05164574,0,4749414,0,4616932;0,0,4325254,0,2758034;0,03082099,0,3387677,0,1046864;0,1267004,0,2014021,0;0,2417111,0,04472845,0,035318;0,3227436,0,0,2098303;0,3480744,0,1157391,0,3678944;0,3246982,0,3060311,0,4154753;0,3215967,0,5019785,0,4403041;0,3349713,0,6969678,0,4689698;0,4050655,1,0,4632825;0,4050655,1,0,4632825;0,4050655,1,0,4632825;0,4050655,1,0,4632825;Air
0,9434252,0,3461849,0,5532179;0,8144689,0,3804555,0,7005506;0,6464345,0,4277038,0,7956464;0,4567471,0,4809244,0,8220543;0,2677595,0,5293568,0,7839867;0,122319,0,5736978,0,6559553;0,02206114,0,5981203,0,4860639;0,0,606688,0,2887038;0,06552807,0,5383545,0,1139247;0,1817834,0,4218043,0,002515936;0,2759416,0,2467642,0;0,3512775,0,0904021,0,09688413;0,4358503,0,0,2524027;0,4885826,0,06201871,0,4337426;0,4899648,0,2363415,0,5292453;0,4888506,0,4291886,0,5774106;0,4998859,0,6268263,0,5955405;0,5765561,1,0,6373888;0,5765561,1,0,6373888;0,5765561,1,0,6373888;Air
0,9472001,0,1619933,0,2489096;0,9313461,0,1919654,0,4596801;0,8177587,0,2290402,0,6365904;0,65576,0,2740913,0,7681223;0,4578085,0,3355876,0,8191838;0,2567073,0,3954901,0,7798922;0,09646699,0,4418721,0,6466793;0,01430365,0,4502141,0,4498204;0,0,4071285,0,2412229;0,08642565,0,3278097,0,06286083;0,1996099,0,1580696,0;0,2800047,0,0,1188468;0,3455239,0,03281827,0,3193563;0,3702444,0,188428,0,4633992;0,3679881,0,3813209,0,5548384;0,3642707,0,5886943,0,6053983;0,3956066,0,7989613,0,6248841;0,4307898,1,0,6360288;0,4307898,1,0,6360288;0,4307898,1,0,6360288;Air
1,0,2263484,0,594601;0,8819634,0,2570766,0,7419684;0,7225929,0,2968803,0,8400026;0,5396426,0,3307906,0,8844243;0,3519228,0,3614675,0,8640724;0,1820606,0,3943036,0,7824474;0,05838884,0,4165697,0,6382132;0,0,4289138,0,4564651;0,00610934,0,3962665,0,268075;0,07777868,0,3275644,0,1045589;0,2124643,0,2408395,0;0,3402821,0,10375,0,03825033;0,3946222,0,004942348,0,1927761;0,4515122,0,0,3753496;0,4709306,0,1276886,0,5164614;0,4670652,0,3016629,0,5959095;0,4593625,0,4899029,0,6290817;0,4585285,0,6804191,0,6463121;0,4934503,0,9435602,0,6695092;0,4934503,0,9435602,0,6695092;Air
0,9440263,0,2268317,0,5671214;0,815868,0,2569848,0,7281899;0,6406043,0,3054629,0,8292314;0,4414016,0,3594991,0,8552162;0,2485877,0,4187461,0,8043301;0,09070691,0,4746505,0,6809396;0,004915983,0,4873629,0,4918493;0,0,4793834,0,2840296;0,0886143,0,4306521,0,1022341;0,2155605,0,3013861,0;0,2973355,0,1173482,0,05215083;0,3431774,0,0,2176946;0,3915892,0,0151765,0,419444;0,4207363,0,1550326,0,5706642;0,4173976,0,3572456,0,6194044;0,4220296,0,5633956,0,6469285;0,4308093,0,7693876,0,6746243;0,4815551,1,0,7030221;0,4815551,1,0,7030221;0,4815551,1,0,7030221;Air
0,9503387,0,2689144,0,51941;0,8341257,0,3081599,0,6837358;0,6702554,0,3478484,0,8004406;0,4704028,0,3889262,0,8209397;0,2764009,0,4319288,0,7703167;0,1204318,0,4781257,0,6454641;0,0141872,0,5141272,0,4738116;0,0,5098118,0,2692907;0,07870318,0,4334155,0,09603349;0,2082672,0,3067689,0;0,2968203,0,1264704,0,04122474;0,3513645,0,0,1931419;0,4193013,0,03318809,0,3837509;0,4415949,0,2009199,0,4995857;0,4392533,0,3997368,0,5497357;0,4418273,0,6012759,0,5874717;0,4675416,0,7991165,0,6348693;0,5407487,1,0,6340027;0,5407487,1,0,6340027;0,5407487,1,0,6340027;Air
0,9122102,0,1998018,0,521328;0,8040525,0,2626824,0,6773069;0,642899,0,3221552,0,7796497;0,4539527,0,3750845,0,8181112;0,2629062,0,4153241,0,7749428;0,1107916,0,4574842,0,6522025;0,01705014,0,4758237,0,4765389;0,0,4734453,0,2773276;0,07541789,0,4027573,0,1061643;0,2004956,0,2884499,0;0,2919446,0,1140333,0,03460416;0,3676561,0,0,1803631;0,4219413,0,08081879,0,3550141;0,4325422,0,2344411,0,4825654;0,4277951,0,4185107,0,5605227;0,4312609,0,6151459,0,5966353;0,4524252,0,8106975,0,6325959;0,5209845,1,0,6741441;0,5209845,1,0,6741441;0,5209845,1,0,6741441;Air
1,0,20348,0,6427171;0,8522981,0,2265219,0,7870413;0,675719,0,2807702,0,8821894;0,4738015,0,3284208,0,8938101;0,2778748,0,3679833,0,8370319;0,1119996,0,3918279,0,7141777;0,01658892,0,3748956,0,5303672;0,0,3191772,0,3308765;0,05835732,0,223735,0,1557724;0,1786252,0,1205991,0,02132948;0,3495742,0,00441937,0;0,4560299,0,0,1783925;0,4625714,0,1445665,0,3275032;0,436724,0,2948618,0,4686397;0,4309584,0,4677891,0,5837013;0,4391477,0,6664428,0,6440825;0,4658292,0,8642905,0,7017077;0,4559118,0,9932412,0,6918542;0,4559118,0,9932412,0,6918542;0,4559118,0,9932412,0,6918542;Air
0,7568285,0,3050602,0,8490902;0,5714559,0,3256613,0,8786939;0,3865238,0,3565052,0,8560541;0,2161215,0,3817552,0,7786635;0,08019873,0,4148588,0,6518055;0,009470549,0,4373375,0,4781506;0,0,4435368,0,2896415;0,06484322,0,4272274,0,1130257;0,2028168,0,3651604,0;0,3101915,0,2101472,0,01026479;0,372912,0,06461394,0,1129781;0,4217013,0,0,2835901;0,4583696,0,08410602,0,4486519;0,4719098,0,2405229,0,5536005;0,4809132,0,4200472,0,6115124;0,4904346,0,6053995,0,6464074;0,5024535,0,7903365,0,6827066;0,5694439,1,0,684116;0,5694439,1,0,684116;0,5694439,1,0,684116;Air
1,0,0915319,0,4238677;0,9311062,0,1401467,0,5897824;0,8011057,0,1921656,0,7123846;0,6361108,0,2331721,0,7880982;0,4533651,0,2666844,0,7989756;0,2780419,0,290942,0,7414366;0,1323211,0,3118461,0,6275688;0,0325071,0,3455196,0,4741391;0,0,3265345,0,2918749;0,04093727,0,2694795,0,1195198;0,164081,0,1974515,0;0,3010233,0,07182334,0,01008773;0,4240708,0,0,1298297;0,4833491,0,0767975,0,2886554;0,4681483,0,2019549,0,4255567;0,4621834,0,3639076,0,5170615;0,4681984,0,5452738,0,5583838;0,4807316,0,7298834,0,5783743;0,5369731,0,873821,0,5639525;0,5369731,0,873821,0,5639525;Air
0,6656061,0,2663076,0,9986136;0,4783679,0,2958775,1;0,3008435,0,3356907,0,9467598;0,1579657,0,3679583,0,8264301;0,04759485,0,3956912,0,6748265;0,0,39757,0,4913444;0,02731842,0,3653204,0,3065521;0,1099504,0,312804,0,14423;0,2409716,0,2324935,0,03324283;0,3860661,0,115118,0;0,506567,0,01216442,0,1039932;0,5318359,0,0,2914712;0,5410255,0,04555025,0,4752516;0,5451143,0,1900816,0,5978422;0,5440911,0,36566,0,6692961;0,5477026,0,5496334,0,7148512;0,5790398,0,7292008,0,7668901;0,6555164,0,9833382,0,816565;0,6555164,0,9833382,0,816565;0,6555164,0,9833382,0,816565;Air
0,8935294,0,3388051,0,8919033;0,7096016,0,3574004,0,9657067;0,5125299,0,3837679,0,9562371;0,326991,0,4140525,0,8908128;0,168074,0,4515044,0,776949;0,04701204,0,4761125,0,6208702;0,0,4526004,0,4288826;0,01758845,0,3821008,0,243565;0,09371768,0,2855209,0,087044;0,228486,0,1676946,0;0,3716959,0,03541708,0,04019627;0,4929056,0,0,1940665;0,5551168,0,1045671,0,3516027;0,5425929,0,2551659,0,4811609;0,5196501,0,4286841,0,575962;0,5138481,0,6135879,0,6494405;0,5304579,0,7996573,0,7181752;0,5698748,1,0,7521453;0,5698748,1,0,7521453;0,5698748,1,0,7521453;Air
1,0,243251,0,4908603;0,9029171,0,2888188,0,6469756;0,7585897,0,3262225,0,7637835;0,5862073,0,3714745,0,8278934;0,3999215,0,4055809,0,8250868;0,2295352,0,4485112,0,7543832;0,09068862,0,4798,0,6294187;0,009367851,0,4972501,0,4592543;0,0,4868593,0,2703686;0,05179642,0,4087853,0,1057628;0,1648569,0,2996749,0;0,2642082,0,1391932,0,01576146;0,3533086,0,0163028,0,1290425;0,436812,0,0,298261;0,4818393,0,1177372,0,4396258;0,4873342,0,2906594,0,5167052;0,4867091,0,473783,0,5650666;0,5011566,0,6544823,0,6199533;0,576625,0,8593219,0,6330059;0,576625,0,8593219,0,6330059;Air
0,8658879,0,05974931,0,04150932;0,903231,0,09165298,0,2512375;0,8703904,0,14001,0,4585569;0,7612104,0,2043386,0,6327403;0,5864548,0,2648796,0,7431645;0,3778426,0,3183486,0,7476663;0,184063,0,3444465,0,657297;0,05150204,0,2913673,0,4960256;0,0,1971228,0,3093071;0,04787067,0,09631194,0,1250686;0,1944317,0,0;0,3883908,0,008147288,0,09333672;0,3890551,0,108612,0,2838746;0,3995877,0,234528,0,4583236;0,4329136,0,3956031,0,5974008;0,4742561,0,5900204,0,6804127;0,5451836,0,7926635,0,6978291;0,6677582,1,0,6476939;0,6677582,1,0,6476939;0,6677582,1,0,6476939;Air
0,8476608,0,05607629,0,0685881;0,9271266,0,1110685,0,2496549;0,9136592,0,1761733,0,4438305;0,7913672,0,2300854,0,5995941;0,6226951,0,2773369,0,7065576;0,4222132,0,3147912,0,7295433;0,2252866,0,3341662,0,6750578;0,06572882,0,2931658,0,5526468;0,0,1974165,0,3834252;0,00515265,0,09500059,0,2056372;0,0949868,0,001416613,0,04658995;0,2948655,0,0;0,3807595,0,07642722,0,1700155;0,418157,0,171853,0,3478343;0,4409576,0,3285559,0,4784042;0,4521466,0,5207167,0,5496303;0,4648876,0,7235109,0,5785509;0,5047419,1,0,605183;0,5047419,1,0,605183;0,5047419,1,0,605183;Air
0,9701582,0,09423808,0,1938865;0,9694756,0,1562251,0,3931513;0,8801325,0,2035881,0,5756997;0,7399078,0,2639231,0,7179883;0,554199,0,3171779,0,7968903;0,3526116,0,3710866,0,7945028;0,1753272,0,4093075,0,6912615;0,0473013,0,4174884,0,5266657;0,0,3475153,0,3358368;0,03328352,0,2582205,0,1501812;0,1458182,0,1518082,0,01031801;0,3105402,0,02409941,0;0,4319001,0,0,1680486;0,4557677,0,1152963,0,3403462;0,462622,0,2844387,0,462384;0,4719177,0,4813054,0,5309876;0,4817482,0,6877339,0,5599692;0,5619437,1,0,6030194;0,5619437,1,0,6030194;0,5619437,1,0,6030194;Air
0,8062977,0,0;0,7729043,0,01847095,0,0556326;0,7337579,0,03661632,0,1074938;0,6879999,0,05361888,0,1540598;0,6441321,0,07133581,0,2021536;0,6024314,0,08996296,0,251806;0,5612978,0,1088917,0,3018162;0,5205437,0,1280714,0,3520408;0,4801452,0,1476178,0,4024112;0,4398008,0,1672974,0,452773;0,3994547,0,1871741,0,5030562;0,3590863,0,2071207,0,5532936;0,0,3846697,1;0,0,3846697,1;0,0,3846697,1;0,0,3846697,1;0,0,3846697,1;0,0,3846697,1;0,0,3846697,1;0,0,3846697,1;Air
0,8324568,0,0,1101734;0,881402,0,03821021,0,3111482;0,8421457,0,1045725,0,506856;0,718838,0,1773572,0,6609473;0,5440398,0,2569875,0,7466859;0,3439315,0,3217169,0,7503335;0,1630444,0,3343327,0,6437163;0,03990299,0,2637138,0,4884884;0,0,1780571,0,3005597;0,03917169,0,09834471,0,1098818;0,2063769,0,03342218,0;0,3358028,0,06862596,0,1620375;0,356187,0,1713224,0,3444778;0,3632665,0,3137442,0,4991143;0,381512,0,4930335,0,6075993;0,4233404,0,6894422,0,6702133;0,5053419,0,8831431,0,6687201;0,5486965,1,0,6386715;0,5486965,1,0,6386715;0,5486965,1,0,6386715;Air
0,9165758,0,01567161,0,3283146;0,8571278,0,06566753,0,4917244;0,7490891,0,1202709,0,6261958;0,5919794,0,1689912,0,7015573;0,4167214,0,2085237,0,7229635;0,2480913,0,2307692,0,6612748;0,1124072,0,2200722,0,5420614;0,0234846,0,1838418,0,3887102;0,0,1247959,0,2193039;0,05896677,0,07205345,0,0565845;0,2168054,0,004071038,0;0,3520277,0,0,120145;0,386045,0,1150687,0,2555645;0,4047376,0,2504116,0,3741788;0,4239239,0,410816,0,4556573;0,4485154,0,5810186,0,511896;0,4800016,0,7572621,0,5380355;0,5672826,1,0,5155047;0,5672826,1,0,5155047;0,5672826,1,0,5155047;Air
0,9748775,0,0,3640401;0,9176829,0,06690102,0,5461618;0,8087037,0,1384484,0,700822;0,6481055,0,2058566,0,8036793;0,4526885,0,2519388,0,8282544;0,2593906,0,2846422,0,7784382;0,1089177,0,2818231,0,6432893;0,02058981,0,2429783,0,4655126;0,0,1858767,0,2725599;0,06007345,0,1381507,0,08540045;0,212763,0,03662255,0;0,3579634,0,001673099,0,1364208;0,3840776,0,09936234,0,3116068;0,3877935,0,2345243,0,4620486;0,4102364,0,3981218,0,5788708;0,4449,0,5878398,0,639869;0,4886245,0,7840995,0,6619058;0,5731317,0,961291,0,613152;0,5769673,1,0,6021693;0,5769673,1,0,6021693;Air
0,8667045,0,2219856,0,525327;0,8010756,0,2495528,0,6967649;0,6420652,0,2820653,0,7868574;0,4597417,0,308701,0,8093682;0,2853343,0,3163359,0,7462667;0,142386,0,3040877,0,6284797;0,04021993,0,279201,0,4755066;0,0,2412288,0,2983103;0,03220321,0,1941835,0,1216532;0,1529473,0,1229136,0;0,295513,0,01208775,0,04301952;0,3710973,0,0,2121317;0,4094807,0,103889,0,3611009;0,423482,0,2549327,0,4680953;0,4324406,0,4261872,0,5391564;0,4477309,0,6065235,0,5804244;0,4730201,0,7898883,0,5944183;0,5787197,1,0,5811849;0,5787197,1,0,5811849;0,5787197,1,0,5811849;Air
0,883592,0,1489533,0,3779009;0,7912612,0,1711445,0,5205216;0,6482126,0,1941431,0,6119887;0,4860116,0,2180682,0,6617534;0,3152222,0,2317496,0,6603863;0,1597028,0,2134015,0,590851;0,0559554,0,157865,0,4663109;0,0,09028848,0,3191358;0,00892987,0,02326807,0,1616982;0,090246,0,0,01268696;0,2571076,0,03680125,0;0,3098885,0,1274126,0,1355059;0,3236069,0,2423361,0,2618486;0,3220283,0,3859589,0,3552727;0,3329946,0,5415785,0,4261272;0,3558037,0,7068951,0,4649638;0,4602819,1,0,558737;0,4602819,1,0,558737;0,4602819,1,0,558737;0,4602819,1,0,558737;Air
0,8558701,0,1449602,0,3599359;0,8011173,0,2111768,0,5216457;0,6980938,0,2870334,0,6526591;0,5428311,0,3612635,0,7152365;0,3709733,0,4238048,0,7059621;0,2074306,0,4573852,0,6307375;0,07761011,0,4534347,0,5016501;0,0,3981738,0,3452677;0,003104067,0,2887014,0,1985069;0,06001053,0,1712429,0,07006351;0,1814243,0,05341952,0;0,3427311,0,0,06825715;0,4096532,0,1153961,0,1937072;0,4133723,0,2526192,0,3149035;0,4151599,0,4068035,0,4136788;0,4384641,0,5766965,0,4779117;0,4630361,0,757467,0,4937502;0,5952212,1,0,4900426;0,5952212,1,0,4900426;0,5952212,1,0,4900426;Air
0,6866514,0,3211944,0,4992484;0,5888053,0,3539008,0,60219;0,4481766,0,3555947,0,6404158;0,303512,0,3413185,0,629981;0,1734523,0,3067787,0,5740167;0,07092946,0,2614315,0,4808865;0,01585455,0,1928121,0,3647028;0,0,1237189,0,2373636;0,03140852,0,05380603,0,113403;0,1160032,0,0,007624079;0,2592983,0,025474,0;0,2948694,0,1328506,0,09189932;0,303816,0,2446432,0,184974;0,3057232,0,3525399,0,2829291;0,3155034,0,4688786,0,3701654;0,3258745,0,6049981,0,4211991;0,3569678,0,7429677,0,4563864;0,4573362,1,0,4588799;0,4573362,1,0,4588799;0,4573362,1,0,4588799;Air
1,0,008324218,0,2635118;0,9792006,0,08433473,0,4401383;0,8808829,0,1513109,0,5926338;0,7332223,0,2075555,0,7041686;0,5487437,0,2462658,0,7474844;0,3575489,0,2690375,0,7292339;0,1852833,0,2670239,0,6413271;0,05413941,0,2521164,0,4999547;0,0,221021,0,3168998;0,02015725,0,1572269,0,1354305;0,1374764,0,0844128,0;0,3100416,0,0,02242403;0,3894658,0,03466158,0,1953329;0,3806559,0,1714763,0,3317558;0,3720467,0,3346914,0,4351668;0,3834367,0,51357,0,5078291;0,40058,0,7021207,0,5473493;0,4968779,0,9239321,0,5959967;0,4968779,0,9239321,0,5959967;0,4968779,0,9239321,0,5959967;Air
0,9294322,0,1464044,0,5113074;0,8926942,0,1903612,0,6910444;0,7542573,0,2553849,0,801473;0,5799102,0,3093304,0,8492255;0,3921041,0,3227472,0,8375561;0,222479,0,3022963,0,7575786;0,09399474,0,2655429,0,6244309;0,01282929,0,2207189,0,4601437;0,0,1484991,0,286342;0,04847057,0,06621648,0,1236537;0,1746152,0,0;0,36158,0,004083896,0,02479498;0,4378258,0,08463193,0,1773922;0,4421025,0,2007564,0,3259995;0,4481274,0,3422366,0,4506365;0,4687637,0,5072085,0,5397753;0,4863645,0,6906218,0,5802364;0,5997356,1,0,6011449;0,5997356,1,0,6011449;0,5997356,1,0,6011449;Air
0,9381757,0,2043519,0,5233568;0,825886,0,2656071,0,6565084;0,6776083,0,3162229,0,7541931;0,5031183,0,3318534,0,8124983;0,3195324,0,3130588,0,8067067;0,1549505,0,2895106,0,7264022;0,04881352,0,2321047,0,5866522;0,0,1556847,0,4258176;0,02087042,0,07084987,0,2631584;0,09343864,0,008626264,0,1051944;0,244932,0,0;0,3897122,0,05616966,0,09987109;0,4081862,0,145988,0,2601268;0,397195,0,2631603,0,4023956;0,3782143,0,4204672,0,4971838;0,3807262,0,5889925,0,5725722;0,3922222,0,7631508,0,6327991;0,4590852,0,9328824,0,6612784;0,4652736,1,0,6603273;0,4652736,1,0,6603273;Air
1,0,1034171,0,5225285;0,918264,0,1475839,0,6913208;0,7770647,0,1909857,0,8150195;0,6022354,0,2358405,0,8824365;0,4124567,0,2667558,0,8701642;0,2358695,0,2788302,0,7940491;0,10421,0,2521452,0,6559333;0,02006307,0,2135983,0,4869488;0,0,1698542,0,3003845;0,05438573,0,1161562,0,1235201;0,1937283,0,06667098,0;0,3651836,0,0,05727432;0,4421279,0,02551369,0,2320627;0,4595553,0,1364889,0,3885973;0,4534328,0,2857227,0,5103106;0,4478758,0,461731,0,588493;0,4448265,0,648385,0,6361721;0,5106097,0,9781464,0,6875806;0,5106097,0,9781464,0,6875806;0,5106097,0,9781464,0,6875806;Air
0,846401,0,0;0,9553415,0,04221705,0,1890482;1,0,08157381,0,4031654;0,9566983,0,1383685,0,6136146;0,8209642,0,2051571,0,7764184;0,6291521,0,2646455,0,8715962;0,4103746,0,300635,0,8867849;0,2024495,0,3042801,0,8084051;0,05474733,0,2992768,0,6424274;0,0,2471895,0,4334318;0,0575054,0,1578579,0,2382331;0,2372443,0,0537534,0,1592032;0,3785605,0,000451691,0,3222313;0,3559491,0,148895,0,4860692;0,3086299,0,3244952,0,6137995;0,2905442,0,5267787,0,7040424;0,301194,0,7396917,0,766845;0,3721434,0,9686441,0,8189952;0,3721434,0,9686441,0,8189952;0,3721434,0,9686441,0,8189952;Air
0,9909554,0,1136343,0,4031883;0,9951779,0,1891015,0,5881897;0,8888669,0,2834955,0,7286406;0,7147641,0,3410632,0,8080938;0,5184118,0,3720877,0,8286348;0,3234219,0,3873843,0,787603;0,1610088,0,3772517,0,6715943;0,04450228,0,3299626,0,5162604;0,0,2772965,0,328685;0,01599749,0,1863202,0,1514675;0,1194973,0,08213186,0,0159269;0,3009894,0,0;0,3997616,0,0787538,0,1548565;0,3994852,0,2128635,0,3030225;0,3870902,0,3702097,0,425608;0,3825662,0,5554094,0,5005697;0,3858522,0,7498588,0,5465844;0,4573778,1,0,614442;0,4573778,1,0,614442;0,4573778,1,0,614442;Air
0,9411278,0,0,1722534;1,0,1009486,0,3383308;0,9647215,0,2182075,0,5003309;0,8349953,0,2938636,0,6370258;0,6543378,0,3448047,0,7145252;0,4557134,0,3841428,0,7299879;0,26665,0,3957692,0,6567888;0,1075449,0,3766375,0,5320579;0,0114496,0,3194943,0,3625333;0,0,2316532,0,179801;0,08143284,0,1100303,0,03903588;0,2485925,0,001531018,0;0,3806564,0,08850538,0,1274081;0,4124741,0,2427442,0,2556122;0,4098742,0,4208209,0,3531837;0,4014067,0,613233,0,4175586;0,3976499,0,8063941,0,4801119;0,4562961,0,9187339,0,5077517;0,4562961,0,9187339,0,5077517;0,4562961,0,9187339,0,5077517;Air
0,9590254,0,1296295,0,3782518;0,9287468,0,2141225,0,5573415;0,8023191,0,2885479,0,693745;0,6291344,0,346118,0,7763389;0,4328065,0,3807275,0,7959989;0,2404142,0,3984166,0,7430715;0,09570642,0,3766642,0,6062669;0,009960511,0,3376375,0,4294801;0,0,2778941,0,2385338;0,07310864,0,1988446,0,06960981;0,2289498,0,09397787,0;0,3449033,0,0,1336113;0,4044822,0,03789747,0,3210763;0,3979001,0,2039444,0,4329428;0,3798197,0,3868405,0,5126367;0,3689148,0,5800381,0,5644515;0,3737863,0,7717826,0,6222382;0,4237328,1,0,667437;0,4237328,1,0,667437;0,4237328,1,0,667437;Air
1,0,07161065,0,3152542;0,9996003,0,1692862,0,4939747;0,9185495,0,2415678,0,6662765;0,7729391,0,2994419,0,7963914;0,583382,0,3417909,0,8576806;0,3823548,0,3740737,0,852425;0,196075,0,3901897,0,7716672;0,05780185,0,3813062,0,6223912;0,0,347122,0,4301099;0,01073349,0,259567,0,2465326;0,08897748,0,1619252,0,08582886;0,2417882,0,05817553,0;0,4023396,0,0,1109981;0,4466748,0,04893037,0,3036686;0,4156698,0,1916181,0,4456567;0,3734438,0,3664795,0,5411668;0,35218,0,5639213,0,5864025;0,3893222,0,9284319,0,6721752;0,3893222,0,9284319,0,6721752;0,3893222,0,9284319,0,6721752;Air
1,0,01970222,0,4725604;0,9192074,0,05593366,0,6711059;0,7764693,0,1220156,0,8211712;0,5878602,0,1963007,0,899713;0,3840325,0,2700115,0,8829353;0,193829,0,3300686,0,7964696;0,06147478,0,3607626,0,6267618;0,0,3199874,0,4222655;0,04384254,0,2335451,0,2276733;0,1679257,0,1477908,0,07111637;0,3582514,0,07046601,0;0,4351416,0,0,1907432;0,4102004,0,01459274,0,406209;0,4257924,0,1727291,0,5545677;0,4025436,0,3708991,0,6408734;0,4008194,0,5829794,0,6886173;0,4389041,0,7939789,0,7245236;0,5233824,0,9190195,0,7062281;0,5233824,0,9190195,0,7062281;0,5233824,0,9190195,0,7062281;Air
0,9576645,0,01667854,0,1172073;1,0,08734969,0,2865628;0,9455436,0,1351283,0,4604009;0,8413786,0,1790421,0,6110302;0,6872812,0,2256756,0,7087402;0,5072793,0,2667058,0,74594;0,3222859,0,292628,0,7219931;0,1620255,0,2871389,0,6232287;0,04716501,0,2527121,0,4780053;0,0,1925859,0,3058766;0,0257022,0,1129865,0,1371422;0,1338043,0,0424603,0;0,3170232,0,0,009792488;0,3677537,0,01471609,0,1905626;0,3883869,0,1166739,0,3475557;0,4105301,0,2559445,0,4723809;0,4303468,0,4293194,0,5432075;0,4651397,0,6057197,0,5992464;0,4982266,0,7415507,0,6435049;0,4982266,0,7415507,0,6435049;Air
1,0,2195743,0,5359089;0,9283347,0,2742125,0,6996406;0,7887285,0,3403791,0,8048139;0,6175181,0,3938464,0,8573263;0,435383,0,4351518,0,8502536;0,2652727,0,4408201,0,7730546;0,1254927,0,4120412,0,6523789;0,03093847,0,3632958,0,4987145;0,0,2839777,0,3323392;0,02804722,0,1780447,0,1809427;0,1166291,0,07925635,0,04932424;0,2785392,0,0;0,4021569,0,05813501,0,1275473;0,4105133,0,18009,0,2689208;0,3925426,0,3099124,0,4021594;0,3894701,0,4671602,0,5031198;0,3904035,0,6409582,0,5718417;0,4728523,0,9483494,0,6944184;0,4728523,0,9483494,0,6944184;0,4728523,0,9483494,0,6944184;Air
0,9524225,0,1525305,0,3885499;0,9153111,0,2335544,0,577614;0,7975987,0,3113277,0,7318296;0,6166556,0,3839419,0,8071564;0,4190201,0,4517188,0,8129743;0,2268879,0,4931926,0,7418935;0,0782104,0,4933536,0,5949843;0,0,4578633,0,40443;0,01459206,0,3868871,0,2083769;0,1257805,0,3202741,0,0444038;0,2879874,0,196159,0;0,3132239,0,03723198,0,1333892;0,3401171,0,0,3372958;0,3725927,0,1607463,0,4668848;0,3739113,0,3590903,0,5328035;0,3705533,0,5625851,0,5804055;0,3745416,0,7696965,0,6082674;0,4368239,1,0,6410488;0,4368239,1,0,6410488;0,4368239,1,0,6410488;Air
0,9498352,0,0,2562043;1,0,08341632,0,4523007;0,9356847,0,1872647,0,6339806;0,7829927,0,2640613,0,7707869;0,5837805,0,3297133,0,8334996;0,3763797,0,3900057,0,7977464;0,1904241,0,4244879,0,6874738;0,05769509,0,4299255,0,5134566;0,0,4128256,0,3029633;0,04955752,0,302536,0,1204563;0,1812705,0,1757665,0;0,3271276,0,02042692,0,05023807;0,4202479,0,01878291,0,2483655;0,4202213,0,1645338,0,4117216;0,3966933,0,3533797,0,5199445;0,3995545,0,5561462,0,6024435;0,4379835,0,7649899,0,6556981;0,5346488,0,9379362,0,6642875;0,5346488,0,9379362,0,6642875;0,5346488,0,9379362,0,6642875;Air
0,9649155,0,05412495,0,02217604;1,0,1186244,0,2307384;0,9481192,0,1804065,0,4366042;0,8229828,0,2642484,0,5984707;0,6442626,0,3428991,0,7022132;0,434819,0,4091447,0,7273982;0,227584,0,4547402,0,6652366;0,07097524,0,4787801,0,5110123;0,0,3986452,0,3175432;0,007859163,0,2677091,0,1395451;0,1144568,0,1333459,0;0,2908172,0,0,002289045;0,3739769,0,03557843,0,2040512;0,3653956,0,1874653,0,3645071;0,3469936,0,3798759,0,4718798;0,3422889,0,5942551,0,5258126;0,4077438,0,7975203,0,5831565;0,4457258,0,890663,0,5678941;0,4457258,0,890663,0,5678941;0,4457258,0,890663,0,5678941;Air
1,0,06684849,0,3714387;0,9124618,0,1439447,0,5584501;0,7691337,0,2321726,0,7007629;0,5865882,0,321272,0,786311;0,386375,0,4125165,0,7993171;0,19649,0,4822392,0,7117816;0,05416883,0,5273963,0,5496534;0,0,497896,0,3380512;0,02615375,0,4133452,0,1361919;0,1455364,0,2877284,0;0,2764424,0,1113981,0,01874234;0,3527652,0,0,1929414;0,4097083,0,07151876,0,3934971;0,4132581,0,2486045,0,5246767;0,4047434,0,4473239,0,6196406;0,4004908,0,6613803,0,6720029;0,4820791,0,9149666,0,6728936;0,4820791,0,9149666,0,6728936;0,4820791,0,9149666,0,6728936;0,4820791,0,9149666,0,6728936;Air
0,8915007,0,2133082,0,7704115;0,7413341,0,2890261,0,8712224;0,5654649,0,3640941,0,9145904;0,3819006,0,432376,0,9052221;0,2152961,0,4892258,0,8188677;0,08919669,0,5202576,0,6719597;0,01589813,0,5151061,0,4901719;0,0,450552,0,3057105;0,04360018,0,3533919,0,1410746;0,1542688,0,2437218,0,02203288;0,2999633,0,114363,0;0,4107924,0,0,1143854;0,4344801,0,008888344,0,3088228;0,4324418,0,1286555,0,4640572;0,4185102,0,2902303,0,5742638;0,4113671,0,4730695,0,6447254;0,4063556,0,6602591,0,7028716;0,4815149,1,0,7945208;0,4815149,1,0,7945208;0,4815149,1,0,7945208;Air
0,9104835,0,2496465,0,7374956;0,8102999,0,3412337,0,8835389;0,6349497,0,4181391,0,9391403;0,4515154,0,4961647,0,9349602;0,2714639,0,5469531,0,8659995;0,1278048,0,5579262,0,728176;0,03217718,0,5316806,0,5552016;0,0,4726364,0,3674995;0,01976953,0,3836445,0,1901771;0,1090862,0,2664002,0,05590148;0,2381132,0,1250472,0;0,3688909,0,0,08374978;0,4267321,0,0374201,0,2708534;0,444054,0,1766492,0,4125179;0,4368381,0,333167,0,5358213;0,4387732,0,5050929,0,6367736;0,4470706,0,6861411,0,7198781;0,5140134,1,0,8530356;0,5140134,1,0,8530356;0,5140134,1,0,8530356;Air
0,9902627,0,0,1910143;1,0,06185932,0,3891375;0,9291945,0,1182463,0,5761704;0,7909457,0,1792781,0,7187768;0,6096738,0,2500831,0,7915874;0,4176477,0,3293034,0,7965217;0,2295239,0,3925812,0,7350436;0,07915112,0,4179683,0,5939134;0,0,4047427,0,4022512;0,01408615,0,3320448,0,20811;0,1094017,0,2347104,0,0512178;0,2532089,0,09374787,0;0,3810175,0,01982252,0,1461991;0,3944602,0,1126852,0,3315907;0,3755265,0,2617472,0,4751046;0,375039,0,4458482,0,5714415;0,3756607,0,6509376,0,6047912;0,4134097,0,8522074,0,64;0,4486236,0,9703676,0,6664138;0,4486236,0,9703676,0,6664138;Air
0,933109,0,1338645,0,5788329;0,8435324,0,2196824,0,7452711;0,6911107,0,3126285,0,851191;0,5091939,0,4028844,0,8942083;0,3180645,0,4755464,0,858429;0,1536187,0,5210611,0,7402073;0,03386583,0,5367544,0,5713779;0,0,5195745,0,3672987;0,04294411,0,4625046,0,1723905;0,1594813,0,3647172,0,03115639;0,3044398,0,2194359,0;0,3687426,0,06651697,0,1247852;0,4128044,0,0,3164214;0,4645149,0,04825499,0,5115825;0,4796061,0,2209,0,6258467;0,4926993,0,4208488,0,6800631;0,5111698,0,6275884,0,6828874;0,5536382,1,0,6017719;0,5536382,1,0,6017719;0,5536382,1,0,6017719;Air
0,9319289,0,1175063,0,2572772;0,936495,0,1752024,0,4702621;0,8562568,0,2543465,0,6600259;0,7101371,0,3434844,0,7993661;0,5260875,0,4493577,0,8596055;0,3303582,0,5457195,0,8261882;0,1650073,0,6187693,0,6995586;0,04593855,0,6383671,0,5147592;0,0,5877762,0,3048963;0,009712627,0,4744888,0,11573;0,1034446,0,3115989,0;0,2356818,0,1349656,0,005122527;0,3213482,0,0,1572994;0,3864686,0,01275434,0,3677962;0,430181,0,1681874,0,5182689;0,438653,0,3681575,0,6112873;0,443007,0,5858606,0,6473239;0,4546181,0,8062624,0,6466389;0,4778308,1,0,6293203;0,4778308,1,0,6293203;Air
0,9882271,0,05094494,0,2207562;1,0,1068497,0,4270897;0,9305463,0,1712306,0,6191019;0,787108,0,2402553,0,7622747;0,5942372,0,3039027,0,8300043;0,3859056,0,3525139,0,8215008;0,1994808,0,3721778,0,7180763;0,05998293,0,3710692,0,5556678;0,0,3238507,0,3556431;0,03917931,0,2520119,0,1578008;0,1754432,0,2033449,0;0,3712367,0,1167288,0,0001256653;0,4183815,0,0,1732995;0,430838,0,02839345,0,3851392;0,45682,0,183803,0,5300882;0,456605,0,3782759,0,6196298;0,4529517,0,5868803,0,6676739;0,4557442,0,8008659,0,6739839;0,5252309,0,9893817,0,6404574;0,5252309,0,9893817,0,6404574;Air
