0,1863691,0,7998333,0,8236889;0,1145805,0,7037614,0,7426942;0,05410254,0,5930108,0,6718405;0,009282415,0,4631677,0,6262831;0,0,3323864,0,6875507;0,03858777,0,2485524,0,799024;0,1132822,0,1746743,0,8985547;0,2198383,0,1083674,0,9706153;0,3519866,0,05721189,1;0,491933,0,02049988,0,9967142;0,6295493,0,0,9569013;0,7444431,0,0088883,0,8693571;0,8316059,0,02071215,0,754438;0,8784154,0,03139352,0,6179157;0,9015952,0,04383224,0,475608;0,8877739,0,06831984,0,3336472;0,7279333,0,1729037,0;0,7279333,0,1729037,0;0,7279333,0,1729037,0;0,7279333,0,1729037,0;Fire
0,1975828,0,7865729,0,8701959;0,1033634,0,7265592,0,7881935;0,03510804,0,6437858,0,7004836;0,0,5325881,0,6256117;0,01458155,0,3981217,0,5954545;0,07432945,0,2831813,0,6446711;0,1562645,0,1853122,0,6986305;0,2589241,0,1020425,0,7402289;0,3836961,0,04181233,0,7429925;0,5135713,0,004512766,0,7122602;0,6404234,0,0,656659;0,7547396,0,01941061,0,5807754;0,849849,0,06089405,0,4889241;0,917847,0,1206868,0,3840223;0,9470707,0,1902242,0,2677732;1,0,3482447,0;1,0,3482447,0;1,0,3482447,0;1,0,3482447,0;1,0,3482447,0;Fire
0,0272913,0,6222818,0,2848684;0,002666811,0,5471968,0,2029996;0,0,4536664,0,138257;0,001897274,0,3399007,0,1376158;0,01134921,0,24992,0,2066142;0,0509472,0,1770578,0,2845227;0,1142805,0,1105364,0,3516825;0,1975316,0,0584579,0,4091605;0,2976188,0,02293454,0,4499931;0,4092023,0,005174328,0,4634226;0,5225062,0,0,4543639;0,6317582,0,00712774,0,4233826;0,7295466,0,02474054,0,3679399;0,8096879,0,05038248,0,2913467;1,0,1305613,0;1,0,1305613,0;1,0,1305613,0;1,0,1305613,0;1,0,1305613,0;1,0,1305613,0;Fire
0,09560152,0,7180321,0,5549511;0,04474625,0,6138899,0,5181458;0,01415561,0,5107822,0,4614044;0,0,4105803,0,3939825;0,0178919,0,3005348,0,3454399;0,06140168,0,192256,0,3796329;0,1108769,0,1770266,0,4896638;0,1703547,0,16861,0,5953903;0,2561611,0,1413559,0,6771276;0,3606008,0,1057518,0,728228;0,476062,0,07005905,0,7416909;0,5918982,0,03919953,0,7212901;0,6978579,0,01990294,0,6648389;0,7890469,0,008393512,0,5852232;0,86263,0,001954199,0,4886282;0,9171766,0,0,3799664;1,0,008332474,0;1,0,008332474,0;1,0,008332474,0;1,0,008332474,0;Fire
0,3806931,0,7278525,1;0,2536279,0,6499991,0,9699891;0,14717,0,5556992,0,9163088;0,06752449,0,4413457,0,8555862;0,01908293,0,3190029,0,7794746;0,0,191847,0,6983912;0,01512921,0,07114613,0,6072329;0,1401513,0,04572253,0,6898794;0,2812688,0,01685525,0,738458;0,432299,0,001870287,0,7469823;0,5796439,0,0,709655;0,7051467,0,01430624,0,6250871;0,7983332,0,04232991,0,508304;0,850875,0,07797945,0,3701888;0,859965,0,1243936,0,2257227;0,8480073,0,1395948,0;0,8480073,0,1395948,0;0,8480073,0,1395948,0;0,8480073,0,1395948,0;0,8480073,0,1395948,0;Fire
0,2826864,0,7928315,0,8296193;0,1817025,0,7023302,0,8264918;0,1112165,0,5893396,0,8007454;0,05475495,0,478552,0,746558;0,01372078,0,3559498,0,7055344;0,0,2236412,0,6789989;0,082575,0,120335,0,7091191;0,1951327,0,09193761,0,7792786;0,3188791,0,06132011,0,8256187;0,4524039,0,04008562,0,836493;0,5847065,0,01198318,0,8262806;0,7067413,0,002508631,0,7678362;0,8139497,0,0,6847814;0,9020177,0,007367964,0,5818845;0,9680385,0,02157551,0,4642521;1,0,04296418,0,3341792;0,9881009,0,05366735,0,1994875;0,965638,0,06388014,0;0,965638,0,06388014,0;0,965638,0,06388014,0;Fire
0,1673609,0,6716802,0,6584561;0,09713902,0,5869284,0,5980704;0,04535823,0,4950739,0,529939;0,00661575,0,3904112,0,4724484;0,0,2726233,0,429521;0,06806338,0,2209478,0,5214853;0,1402764,0,1733614,0,6124866;0,2417365,0,1103007,0,6510823;0,3550288,0,05909983,0,6685097;0,4762158,0,02634129,0,6674996;0,597447,0,001372194,0,6465244;0,7120432,0,0,5952771;0,8142192,0,006352123,0,5226126;0,8999206,0,02237713,0,4322861;0,9535077,0,04995219,0,3221566;0,9717077,0,08190477,0,2021224;1,0,1361091,0;1,0,1361091,0;1,0,1361091,0;1,0,1361091,0;Fire
0,08885044,0,4858107,1;0,032486,0,3957467,0,963702;0,0,3002142,0,9144653;0,02627879,0,1942566,0,8882272;0,1270483,0,1808172,0,9358816;0,2325034,0,1492838,0,9580377;0,3338798,0,1026958,0,9454522;0,4316673,0,06249703,0,9076671;0,5262237,0,0245307,0,8605109;0,6052022,0,006087289,0,782869;0,6697186,0,0,6911812;0,7124356,0,00515086,0,5874762;0,7383704,0,01851882,0,479057;0,7483081,0,03811816,0,3689519;0,7388233,0,07019773,0,2617745;0,7039596,0,1083454,0,1620984;0,61243,0,1826801,0;0,61243,0,1826801,0;0,61243,0,1826801,0;0,61243,0,1826801,0;Fire
0,1060984,0,5609456,1;0,04630816,0,4799686,0,9688553;0,009088995,0,3927378,0,9229454;0,0,3011986,0,8715623;0,01903334,0,2089269,0,8243836;0,09898115,0,1410826,0,8140084;0,1966771,0,1019993,0,8195021;0,2974625,0,07169894,0,8246396;0,3993221,0,0462895,0,8156309;0,4962281,0,02585496,0,7796611;0,5843505,0,009113335,0,7243766;0,6517142,0,001811858,0,6436859;0,706187,0,0,5535105;0,7410847,0,003802021,0,4541632;0,7534465,0,01458679,0,3500811;0,7440596,0,05402588,0;0,7440596,0,05402588,0;0,7440596,0,05402588,0;0,7440596,0,05402588,0;0,7440596,0,05402588,0;Fire
0,2386778,0,6115459,1;0,1544196,0,5424109,0,9864078;0,07971104,0,4695838,0,9520745;0,02467377,0,3834757,0,9118227;0,0,2824779,0,8764044;0,02552163,0,1760503,0,8671445;0,1126089,0,1093638,0,8614401;0,2060319,0,05876419,0,8335885;0,3026709,0,02753789,0,7917588;0,395068,0,004909293,0,7368537;0,4799101,0,0,6672723;0,5570598,0,006241963,0,5893437;0,6143515,0,02533566,0,4975996;0,6443454,0,05071511,0,395032;0,6496701,0,08212776,0,2899188;0,6352018,0,1185328,0,1873068;0,6078615,0,2021358,0;0,6078615,0,2021358,0;0,6078615,0,2021358,0;0,6078615,0,2021358,0;Fire
0,299358,0,8616563,0,9147322;0,199295,0,7685092,0,8750561;0,1102656,0,6592499,0,8550735;0,0434706,0,5353463,0,8338699;0,0,4054175,0,7952443;0,02837209,0,2662227,0,7861277;0,1241146,0,2323091,0,8858597;0,227775,0,1776175,0,966647;0,3482263,0,1094835,1;0,4800963,0,05602687,0,9960151;0,6081901,0,02060383,0,9450209;0,7247576,0,002481592,0,8653541;0,825317,0,0,7646325;0,9061424,0,002335678,0,6474787;0,9498448,0,02352211,0,5136712;0,9619204,0,04952634,0,3742396;0,9224485,0,0855955,0,2423148;0,8360555,0,1287394,0;0,8360555,0,1287394,0;0,8360555,0,1287394,0;Fire
0,2860195,0,7126769,1;0,183267,0,6615992,0,9335004;0,08918647,0,5771099,0,8935043;0,01948239,0,4814834,0,8336198;0,0,3526383,0,8089507;0,04602753,0,242213,0,866196;0,1302474,0,1600173,0,9273524;0,2362946,0,0870068,0,9591758;0,3618366,0,04478996,0,952378;0,4844439,0,01064098,0,9150882;0,5923601,0,0,8387328;0,6807515,0,003660244,0,739926;0,743927,0,02296467,0,6249239;0,7762998,0,06175327,0,5022998;0,7815645,0,1091131,0,3785315;0,7587046,0,1613781,0,2588024;0,6481845,0,3029983,0;0,6481845,0,3029983,0;0,6481845,0,3029983,0;0,6481845,0,3029983,0;Fire
0,3400075,0,5907345,0,9559198;0,2464761,0,5281611,0,9912611;0,1555259,0,4535671,1;0,08570796,0,3602494,0,981839;0,03201761,0,262189,0,9442348;0,0,1604672,0,8938352;0,06899981,0,06939442,0,8645551;0,1720686,0,02861412,0,8242273;0,2699663,0,003770292,0,763306;0,3540442,0,0,6806667;0,4170841,0,01284975,0,5818062;0,4516058,0,04099273,0,4725872;0,4482267,0,08220274,0,3621205;0,4130529,0,1316679,0,2609842;0,352258,0,1835354,0,1742299;0,1601711,0,3176225,0;0,1601711,0,3176225,0;0,1601711,0,3176225,0;0,1601711,0,3176225,0;0,1601711,0,3176225,0;Fire
0,1594428,0,6436731,0,5895919;0,09713928,0,5622104,0,524343;0,04731987,0,4669591,0,4675928;0,0110466,0,3662134,0,4100615;0,0,2525214,0,3684989;0,01962125,0,1327154,0,3745688;0,07258862,0,1154883,0,4826104;0,1391815,0,08837478,0,5806185;0,2407488,0,05550974,0,6387503;0,3532243,0,03172091,0,6782303;0,4727238,0,01131324,0,6871021;0,5934026,0,002599197,0,6754398;0,7095915,0,0,6398209;0,8120432,0,006856224,0,5747674;0,8970495,0,01822275,0,4886277;0,9598953,0,03428781,0,3858286;0,9889022,0,05415986,0,2694713;1,0,1098551,0;1,0,1098551,0;1,0,1098551,0;Fire
0,1388756,0,5242376,0,8889763;0,0721381,0,437432,0,8246099;0,02936423,0,3461595,0,7473325;0,0,2488058,0,6712272;0,00053993,0,1455044,0,597331;0,072257,0,04305363,0,5751376;0,171956,0,02647166,0,6520611;0,2807678,0,01731251,0,7169313;0,4023589,0,007300426,0,7522506;0,5291647,6,623015E-05,0,7524547;0,6528591,0,0,7236145;0,7677362,0,008963231,0,6701825;0,8656064,0,02954771,0,5918894;0,9440534,0,06219842,0,4974854;0,9880936,0,1057439,0,3865967;1,0,1523565,0,2690485;0,9706543,0,2057088,0,1575834;0,9252703,0,2829924,0;0,9252703,0,2829924,0;0,9252703,0,2829924,0;Fire
0,003507707,0,2180197,0,6108362;0,0,1495633,0,5350327;0,01614241,0,07936581,0,4625311;0,0909474,0,01137778,0,4775824;0,1559074,0,006474247,0,5563282;0,2184589,0,01160606,0,6369863;0,300425,0,009252161,0,6979842;0,397313,0,002261334,0,7297425;0,4990696,0,0,7389734;0,6004483,0,006687098,0,7279111;0,6963893,0,0223424,0,6963682;0,7823635,0,04726769,0,647054;0,8558305,0,0775714,0,5827965;0,9139424,0,1108434,0,5055907;0,9602383,0,1454748,0,4213168;0,9860262,0,1810309,0,3290375;0,9958149,0,2158789,0,2334627;1,0,3028392,0;1,0,3028392,0;1,0,3028392,0;Fire
0,3041275,0,8172304,0,8781071;0,1832308,0,7618998,0,825371;0,08915181,0,6758101,0,7605917;0,0332091,0,5569884,0,7039312;0,0006301697,0,4313153,0,6439018;0,0,2937311,0,6048017;0,06687336,0,1811755,0,6624023;0,1768422,0,1284945,0,73717;0,3056014,0,08181901,0,7784141;0,443247,0,04362573,0,7857372;0,5824612,0,02033993,0,7625903;0,7156896,0,003916441,0,7132031;0,830073,0,0,6274142;0,9277285,0,006689764,0,52312;0,9875738,0,02601689,0,3946536;1,0,05402826,0,2549411;0,9896485,0,09897133,0;0,9896485,0,09897133,0;0,9896485,0,09897133,0;0,9896485,0,09897133,0;Fire
0,1665988,0,5648029,1;0,1023652,0,517822,0,9289895;0,05903697,0,4345608,0,8783354;0,02440816,0,353738,0,817968;0,004032176,0,2608383,0,7696966;0,0,1668663,0,7194109;0,0799806,0,1003266,0,7428893;0,1761329,0,06597991,0,7737227;0,2762986,0,03036861,0,7651009;0,3754011,0,006707541,0,7335655;0,4653347,0,0,6766214;0,5445669,0,007570205,0,6056243;0,6066079,0,02829189,0,5213794;0,6502534,0,05777247,0,4286346;0,6668691,0,09865697,0,3315364;0,6629331,0,1433588,0,2347794;0,6291026,0,1876657,0,1438505;0,5449294,0,2589801,0;0,5449294,0,2589801,0;0,5449294,0,2589801,0;Fire
0,2297967,0,8033503,0,9755936;0,1587892,0,6996857,0,9154929;0,09882656,0,5897182,0,8545657;0,05466461,0,4733046,0,7921309;0,02030981,0,3462386,0,7465858;0,0,2138579,0,7083309;0,07518723,0,1053452,0,7527417;0,1836527,0,08077767,0,8365997;0,3131666,0,05316152,0,8797735;0,4487614,0,02250796,0,8711196;0,5819336,0,005881839,0,8338472;0,7066072,0,0,7720217;0,816551,0,001068201,0,6865132;0,9086081,0,008634252,0,58226;0,970122,0,02184483,0,4579941;1,0,04295526,0,3235986;0,9845411,0,06539647,0,1870046;0,9402602,0,09769777,0;0,9402602,0,09769777,0;0,9402602,0,09769777,0;Fire
0,1803381,0,6698839,0,9149417;0,1084906,0,5755442,0,8650932;0,0579568,0,4725394,0,806927;0,02202288,0,3617341,0,7523575;0,0,2477157,0,697024;0,00935541,0,1294352,0,6473335;0,1070002,0,06292917,0,6982199;0,2150976,0,04160489,0,7646066;0,3374683,0,01445768,0,7935103;0,4651735,0,0,7880935;0,5909596,0,0041771,0,7614973;0,709125,0,0195398,0,7130424;0,8134838,0,04562839,0,6425045;0,9009432,0,07731481,0,5536575;0,9635346,0,1115124,0,4466071;1,0,150853,0,3296902;0,9954311,0,1973665,0,2098462;0,9602711,0,2989555,0;0,9602711,0,2989555,0;0,9602711,0,2989555,0;Fire
0,04357891,0,5621735,0,6659511;0,02662238,0,4799268,0,5847531;0,009928077,0,3697898,0,5495934;0,004009314,0,2625182,0,5037355;0,0,1531757,0,4628296;0,01411442,0,04126191,0,4324788;0,09459693,0,0,5064056;0,1441327,0,04160057,0,6036718;0,238094,0,04842377,0,6727362;0,3522969,0,04483473,0,6970249;0,4690657,0,04214655,0,6953069;0,5831102,0,04108524,0,6700514;0,6906211,0,04050939,0,6243761;0,7864017,0,04292535,0,5575526;0,8647628,0,0469741,0,4710178;0,9269118,0,054812,0,3724217;0,9633847,0,07053725,0,262569;1,0,110281,0;1,0,110281,0;1,0,110281,0;Fire
0,1698076,0,7681748,0,7385087;0,1039243,0,653741,0,6756947;0,05987249,0,517397,0,646523;0,02541943,0,3777283,0,6203135;0,0,2339569,0,6122494;0,03554833,0,1045198,0,6702466;0,1256355,0,09982769,0,7853274;0,2397853,0,1002617,0,8767111;0,3765251,0,09078323,0,9276392;0,5213126,0,07218392,0,9191567;0,6591752,0,05204045,0,8747783;0,7834574,0,03169706,0,8004717;0,8860897,0,0130414,0,698003;0,95578,0,003471928,0,5698118;1,0,0,4304782;0,9961856,0,01161481,0,2847666;0,9621696,0,06656967,0;0,9621696,0,06656967,0;0,9621696,0,06656967,0;0,9621696,0,06656967,0;Fire
0,2902936,0,8234269,0,7093278;0,2093327,0,7099458,0,6849582;0,1278399,0,6060708,0,6340126;0,05875707,0,4926137,0,5852105;0,0180551,0,3646089,0,5406612;0,0,2263199,0,5166467;0,03420997,0,09518874,0,5573996;0,1178616,0,04107198,0,6579;0,2211246,0,01966362,0,752266;0,3482257,0,004682309,0,81266;0,4895691,0,0,8178202;0,6276889,0,008897426,0,788319;0,7471438,0,02463991,0,7140948;0,8417961,0,04506197,0,610894;0,9187224,0,05923512,0,4929617;0,9715129,0,07033409,0,3621317;0,9854554,0,0809104,0,2217028;1,0,1021223,0;1,0,1021223,0;1,0,1021223,0;Fire
0,2409051,0,7139034,1;0,167842,0,6479778,0,9200677;0,1144869,0,5404004,0,8793984;0,06242506,0,4330515,0,836511;0,02271953,0,3222728,0,7893401;0,0,2023307,0,755113;0,05442785,0,0879918,0,761259;0,1671989,0,04904657,0,8041492;0,2880513,0,02106883,0,8303317;0,4135974,0,003605944,0,8277152;0,5328565,0,0,7848448;0,642317,0,005701719,0,7211308;0,728694,0,02643576,0,6306725;0,7862218,0,05856282,0,5223578;0,8097851,0,09140167,0,4021914;0,8042009,0,1247349,0,2799976;0,7397789,0,1909033,0;0,7397789,0,1909033,0;0,7397789,0,1909033,0;0,7397789,0,1909033,0;Fire
0,2688705,0,7708904,0,8764622;0,1703109,0,6809886,0,8164406;0,1055935,0,5739451,0,7405973;0,06116826,0,4416294,0,6968042;0,01562772,0,3046362,0,6731866;0,0,1598903,0,6589321;0,09131582,0,09345849,0,7519221;0,2024534,0,07859851,0,8458715;0,3323799,0,04917988,0,9063075;0,4759242,0,02129804,0,910372;0,6161959,0,005704211,0,8719068;0,7456188,0,0002821625,0,8039422;0,8515913,0,0,7031025;0,9296141,0,006071719,0,5795127;0,9853223,0,01464284,0,4445236;1,0,03030228,0,2998232;0,9692878,0,06833325,0,1619489;0,9211559,0,1319551,0;0,9211559,0,1319551,0;0,9211559,0,1319551,0;Fire
0,2939105,1,0,882257;0,1962952,0,9104357,0,8058909;0,09770358,0,8052344,0,7549542;0,02894785,0,6816911,0,6967142;0,0,54056,0,6454666;0,0185222,0,3930875,0,6813972;0,09353536,0,3044075,0,7808512;0,2010587,0,2373547,0,8664368;0,3315349,0,1730431,0,9135767;0,471096,0,1112012,0,9225493;0,6113922,0,06251064,0,8861014;0,7379595,0,03268569,0,8056439;0,835857,0,0108547,0,6902241;0,8932785,0,0008791764,0,5488542;0,9184674,0,0,3980333;0,9038546,0,003806983,0,2458683;0,8754602,0,004838749,0;0,8754602,0,004838749,0;0,8754602,0,004838749,0;0,8754602,0,004838749,0;Fire
0,2219564,0,8159454,0,5181822;0,1546983,0,7334998,0,4557894;0,08165086,0,6403813,0,4210498;0,02806599,0,5356694,0,3839307;0,003044286,0,4217827,0,3437116;0,0,3002988,0,3225874;0,04000892,0,1841069,0,3331963;0,1106138,0,1528706,0,429389;0,193192,0,1568675,0,520924;0,2915979,0,160731,0,5951881;0,4091914,0,1542612,0,6318446;0,5311427,0,1374922,0,6240661;0,6494868,0,1150409,0,5975255;0,7607312,0,09328236,0,5488937;0,8585829,0,07270126,0,4766768;0,9383837,0,05267406,0,3847826;0,9868193,0,03747438,0,2723692;1,0,0;1,0,0;1,0,0;Fire
0,2392972,0,7367882,0,6158137;0,1471652,0,6420196,0,6021824;0,06920294,0,5358217,0,5848879;0,01555731,0,4164005,0,5621727;0,0,2880335,0,5315927;0,04891634,0,1678268,0,560101;0,1452159,0,1160869,0,63563;0,256577,0,09115821,0,7036923;0,381081,0,06562521,0,7424487;0,5107636,0,03783229,0,7505239;0,6394355,0,01842098,0,7236546;0,7590193,0,008560692,0,6665781;0,856549,0,004200529,0,576444;0,9321405,0,0,4672491;0,9762813,0,0009497356,0,3419259;1,0,03543195,0;1,0,03543195,0;1,0,03543195,0;1,0,03543195,0;1,0,03543195,0;Fire
0,2147932,0,5746201,1;0,1265668,0,4810588,0,9789281;0,05741087,0,3835966,0,9269655;0,009606883,0,2809344,0,8624917;0,0,1767237,0,7848421;0,04975452,0,05904016,0,7592173;0,1545658,0,03550637,0,8329898;0,2731351,0,0231414,0,8856214;0,4019588,0,004723619,0,8924658;0,5280552,0,0,8599234;0,6440591,0,007670046,0,8010514;0,7354406,0,03121963,0,7111822;0,8029014,0,06125094,0,6038101;0,8461829,0,09451289,0,4854801;0,8584599,0,1329655,0,3615757;0,8079579,0,2914622,0;0,8079579,0,2914622,0;0,8079579,0,2914622,0;0,8079579,0,2914622,0;0,8079579,0,2914622,0;Fire
0,2476604,0,9677948,0,9263859;0,1670786,0,8439317,0,8746917;0,08479395,0,7255055,0,8137633;0,03127574,0,5966573,0,7427575;0,0,4508009,0,6952648;0,003758293,0,2945899,0,6856856;0,07070306,0,1734743,0,758879;0,1761986,0,1138684,0,8580035;0,3149395,0,07444634,0,9188696;0,4645769,0,03295183,0,9387362;0,6139221,0,01160092,0,8969269;0,7485063,0,001621142,0,8175841;0,8668699,0,0,7151377;0,9528401,0,01127856,0,584793;0,9985618,0,03763011,0,4374059;1,0,07986851,0,2866688;0,8951817,0,2170848,0;0,8951817,0,2170848,0;0,8951817,0,2170848,0;0,8951817,0,2170848,0;Fire
0,2171971,0,83364,1;0,145828,0,7485238,0,9361796;0,07906394,0,6449909,0,9010407;0,03885921,0,5334629,0,8524972;0,01224932,0,4114939,0,8237426;0,0,2873287,0,7946869;0,02519231,0,1627317,0,7788047;0,1283945,0,104202,0,8271255;0,2441483,0,08590909,0,8788724;0,3691306,0,06279377,0,8948867;0,4940277,0,03825238,0,8804042;0,612222,0,01514732,0,8367283;0,7183785,0,002037134,0,7662283;0,8067045,0,0,6734613;0,8769614,0,007265101,0,5665852;0,914902,0,02776539,0,4459553;0,92615,0,05527314,0,3213433;0,9011866,0,09242129,0,2013092;0,8191302,0,15122,0;0,8191302,0,15122,0;Fire
0,1958983,0,7217816,0,6728116;0,1168249,0,6337093,0,6190209;0,04939913,0,5347044,0,5684775;0,009294832,0,4204032,0,5212571;0,0,2980745,0,4782209;0,01745116,0,171508,0,4541554;0,08749429,0,08357207,0,5194551;0,1743644,0,081131,0,6161529;0,2857129,0,06858296,0,6820837;0,4098734,0,0467555,0,7138728;0,538316,0,0284745,0,7054369;0,6613045,0,01607375,0,665152;0,7719878,0,004312754,0,5979679;0,8601662,0,0,502528;0,9288231,0,0003254431,0,3921241;0,9613821,0,01382349,0,2669822;1,0,04504882,0;1,0,04504882,0;1,0,04504882,0;1,0,04504882,0;Fire
0,2255156,0,8356935,0,6999108;0,1519263,0,7223027,0,6695826;0,07970736,0,6120525,0,6268978;0,02964838,0,4892602,0,5867879;0,0,3579766,0,5539501;0,0033658,0,2204542,0,5375535;0,06102692,0,09612613,0,5578089;0,1623753,0,04444026,0,6368642;0,2777866,0,0317781,0,712446;0,4134252,0,01791292,0,7369942;0,5507777,0,007852503,0,7219692;0,6799412,0,001151541,0,6723247;0,7955868,0,0,5960526;0,8876379,0,005845088,0,4926838;0,9564546,0,01805477,0,3730684;0,9836066,0,04084738,0,2391433;1,0,06193483,0;1,0,06193483,0;1,0,06193483,0;1,0,06193483,0;Fire
0,180372,0,7953132,0,796721;0,1162042,0,6960506,0,7266149;0,05890485,0,5844611,0,6704891;0,02078514,0,4619221,0,6213312;0,0,3343013,0,5747877;0,0161287,0,201643,0,54274;0,1056262,0,1032044,0,5771704;0,2091826,0,04512066,0,6463644;0,339052,0,01797609,0,6821769;0,4751655,0,0,6881287;0,6098634,0,006490625,0,6616752;0,7340056,0,02054029,0,6044323;0,8423666,0,05174939,0,5258875;0,9331033,0,08345803,0,427669;0,9866218,0,1134467,0,3046981;0,9955789,0,1428844,0,1707629;1,0,1679305,0;1,0,1679305,0;1,0,1679305,0;1,0,1679305,0;Fire
0,206839,0,8838438,0,9086981;0,1182226,0,7711311,0,9206643;0,05647022,0,6411862,0,9195865;0,01942695,0,5028239,0,9060278;0,0,3637714,0,8746077;0,002324819,0,223556,0,8424464;0,04169096,0,08999292,0,8062329;0,1729639,0,07244703,0,8624445;0,2954347,0,06471127,0,9375526;0,4362968,0,05772992,0,9660016;0,5780542,0,03943142,0,949565;0,7122071,0,02909694,0,8986101;0,8336837,0,01722652,0,8224345;0,9257463,0,01030735,0,7120861;0,9817097,0,006219009,0,5796037;1,0,0,437031;0,9922418,0,0009499203,0,2933679;0,9395702,0,01354404,0,1600739;0,8554308,0,03341867,0;0,8554308,0,03341867,0;Fire
0,2931293,0,9229975,0,8310938;0,1951234,0,8022591,0,825968;0,1035661,0,6776696,0,8085344;0,03901591,0,5407487,0,7725448;0,002036264,0,3930973,0,740284;0,0,239837,0,7135164;0,07326552,0,1144665,0,7694057;0,1906786,0,06230215,0,8571684;0,3277466,0,03152621,0,9240597;0,4810921,0,009474184,0,938486;0,63326,0,0,9074308;0,7653252,0,006932095,0,8254555;0,8725384,0,01766769,0,7132086;0,9525201,0,03099581,0,5804135;0,9947283,0,04097433,0,4309874;1,0,04381392,0,2755094;0,9245864,0,05307334,0;0,9245864,0,05307334,0;0,9245864,0,05307334,0;0,9245864,0,05307334,0;Fire
0,177837,0,6215894,1;0,1260813,0,5410733,0,9661176;0,08513483,0,4541396,0,9333221;0,04382423,0,3723865,0,8895105;0,01581233,0,2845912,0,8468858;0,0,1918187,0,8087698;0,01826285,0,09960569,0,7703913;0,0967259,0,03820975,0,7508045;0,1936074,0,01560802,0,7304888;0,2896338,0,0,7014217;0,3830761,0,0002878376,0,6616971;0,4657731,0,007636952,0,603244;0,5381774,0,02096818,0,5333191;0,5913456,0,04471525,0,4501398;0,6261498,0,07393493,0,3593409;0,6348863,0,1102358,0,2649187;0,588053,0,225961,0;0,588053,0,225961,0;0,588053,0,225961,0;0,588053,0,225961,0;Fire
0,2257321,0,6418821,1;0,1572369,0,5676942,0,9527859;0,1044262,0,4773172,0,9144763;0,05651157,0,3892935,0,8656852;0,02007626,0,2968765,0,8151268;0,0,1968167,0,7702988;0,006850159,0,09395576,0,7279049;0,09825233,0,03648784,0,7556118;0,2019613,0,01984732,0,7929229;0,3128427,0,01176597,0,7848869;0,4182207,0,001413196,0,7500608;0,5161103,0,0,6967672;0,6000994,0,009083553,0,6240494;0,6642061,0,02566031,0,5343828;0,7090002,0,05038007,0,4353523;0,7271704,0,08474917,0,3308861;0,7197788,0,1242262,0,2269079;0,6901134,0,211276,0;0,6901134,0,211276,0;0,6901134,0,211276,0;Fire
0,1682974,0,9790754,0,7519185;0,1138843,0,8656048,0,7227398;0,07389057,0,7493547,0,6830642;0,04089351,0,6300659,0,6460627;0,005969494,0,5073983,0,6255518;0,0,3790271,0,6124006;0,07219166,0,3194761,0,7014502;0,174424,0,2806339,0,7702075;0,291235,0,2387846,0,8061452;0,4150853,0,2032459,0,8154123;0,5403394,0,1766882,0,7982703;0,6587328,0,1459689,0,756712;0,7637704,0,113874,0,6887065;0,8542054,0,08406579,0,6014097;0,9272647,0,05882136,0,4979069;0,9750224,0,04108588,0,3791956;0,9937582,0,03009766,0,2518535;1,0,0;1,0,0;1,0,0;Fire
0,2153949,0,9867457,0,589426;0,1323891,0,8828813,0,5559694;0,06162627,0,7692595,0,5263106;0,01540127,0,6424278,0,50235;0,0,5075377,0,4832597;0,02129265,0,3735019,0,5027062;0,09081312,0,2708874,0,5613082;0,1879857,0,1985953,0,6255603;0,3063327,0,1488102,0,6736493;0,437028,0,1163163,0,6993379;0,5719206,0,09294075,0,691947;0,7017073,0,06915676,0,6547075;0,8136832,0,04595516,0,5790758;0,9062773,0,0234185,0,4805089;0,9686132,0,006338525,0,3595975;1,0,0,2262868;0,9826105,0,004993852,0,09038348;0,943459,0,02920879,0;0,943459,0,02920879,0;0,943459,0,02920879,0;Fire
0,1971768,0,8624845,0,7154548;0,113891,0,7663479,0,6965042;0,04746866,0,6598124,0,6686422;0,004337879,0,5403423,0,6485283;0,0,4121239,0,639636;0,04356192,0,2944191,0,6676692;0,1339627,0,2230917,0,7249236;0,2412565,0,170872,0,7728723;0,3626927,0,1362411,0,797201;0,4885017,0,1104993,0,7903162;0,6092292,0,08715405,0,7526624;0,7213575,0,0671522,0,6929536;0,8174819,0,04639978,0,6100843;0,8976963,0,02900461,0,5110843;0,9557195,0,01256068,0,3975023;0,9797572,0,0,271795;1,0,01919198,0;1,0,01919198,0;1,0,01919198,0;1,0,01919198,0;Fire
0,2633125,0,9466023,0,584646;0,1707936,0,8494293,0,5839823;0,09353182,0,7433875,0,5559037;0,03253457,0,6264897,0,5310632;0,0,4970068,0,5177087;0,01553127,0,3643582,0,530588;0,09173092,0,2626271,0,5735667;0,2034515,0,21211,0,6280575;0,3283781,0,1843939,0,668405;0,4583969,0,1600081,0,690836;0,5901438,0,1364317,0,6813676;0,7170116,0,1074508,0,6486966;0,8271539,0,07563842,0,5789875;0,9172925,0,04415879,0,4847178;0,9724817,0,01666316,0,3655503;1,0,0,2352897;0,9983071,0,02364634,0;0,9983071,0,02364634,0;0,9983071,0,02364634,0;0,9983071,0,02364634,0;Fire
0,2940103,1,0,7935995;0,1974136,0,9088123,0,7647575;0,1154075,0,8120331,0,7159033;0,05708301,0,6964185,0,6745573;0,01297876,0,5708122,0,6470645;0,0,4376871,0,6228296;0,05550268,0,3184506,0,657181;0,1453351,0,2394526,0,7217368;0,2600394,0,1878898,0,773333;0,386463,0,1472598,0,8023892;0,5171883,0,1103341,0,7973505;0,6442108,0,07532393,0,7639208;0,7555178,0,04464885,0,6921727;0,8513626,0,02119181,0,5986767;0,9180083,0,007055301,0,481048;0,9534561,0,005873412,0,3498229;0,9466931,0,01054804,0,214138;0,9128289,0,0;0,9128289,0,0;0,9128289,0,0;Fire
0,162932,0,8710164,0,9596903;0,07878707,0,7753811,0,8867502;0,02576675,0,6648524,0,80601;0,0,5403258,0,7326899;0,002075384,0,4051286,0,6755571;0,03705351,0,273956,0,7313867;0,1295269,0,2112555,0,826592;0,2494567,0,1649638,0,8974484;0,3836424,0,1212271,0,937797;0,5259093,0,0850889,0,9387204;0,6595656,0,05241805,0,8875799;0,7808542,0,02498776,0,8095844;0,8833035,0,006342395,0,7061281;0,9508522,0,0,5759603;0,9935291,0,01220489,0,4360444;1,0,04252851,0,2925687;0,9985101,0,1115714,0;0,9985101,0,1115714,0;0,9985101,0,1115714,0;0,9985101,0,1115714,0;Fire
