0,05072029,0,3229286,0,07839528;0,02178581,0,2257484,0,0613183;0,0,1259969,0,07347678;0,02187312,0,1148831,0,173331;0,05408048,0,1101275,0,270865;0,1071704,0,1077073,0,3588901;0,1820075,0,1053678,0,4293653;0,2695422,0,1019947,0,4832087;0,3643433,0,09978161,0,5229661;0,4657888,0,09881156,0,5397199;0,5684695,0,09828973,0,5343159;0,6654511,0,09465516,0,5003427;0,7536296,0,0894803,0,4477064;0,8240032,0,07773734,0,3736627;0,8741543,0,05896012,0,285884;1,0,0;1,0,0;1,0,0;1,0,0;1,0,0;Fire
0,08508896,0,5380971,0,3568508;0,04074169,0,4397524,0,313876;0,01188968,0,3352197,0,272335;0,0,2209338,0,2555247;0,0473966,0,1452644,0,3297735;0,1025784,0,1298336,0,4307787;0,1703964,0,1072823,0,5223066;0,2511782,0,07878447,0,6007118;0,3453385,0,04952785,0,6620557;0,4560687,0,02842249,0,6899588;0,5713562,0,0148395,0,693041;0,6854091,0,008081044,0,6722698;0,7896646,0,007552817,0,6211256;0,8793939,0,01015129,0,5474569;0,9434763,0,01484273,0,4507272;0,9764552,0,01423575,0,3393844;1,0,0;1,0,0;1,0,0;1,0,0;Fire
0,06220959,0,8624877,0,4076579;0,03833554,0,7369937,0,3650323;0,01802464,0,6044716,0,352343;0,001288703,0,4708477,0,3518761;0,0,3361852,0,3516691;0,01920012,0,2116136,0,3990918;0,08713669,0,1473028,0,495965;0,1738992,0,1074367,0,5909315;0,2775641,0,07517247,0,6706075;0,3978802,0,04865204,0,7249801;0,5305701,0,03227077,0,7411264;0,6637154,0,02637639,0,7218069;0,7831009,0,03052685,0,6596333;0,8837329,0,03912436,0,570555;0,9494933,0,04507512,0,4531846;0,9773532,0,03836675,0,3216001;1,0,0;1,0,0;1,0,0;1,0,0;Fire
0,01718037,0,7737973,0,356406;0,0,6631744,0,3099271;0,002378517,0,5444468,0,2856169;0,009498875,0,4243556,0,2707742;0,0153765,0,3044403,0,2874672;0,05117129,0,2180988,0,3646474;0,1112888,0,1794936,0,4625678;0,1966743,0,1530782,0,5444484;0,3006986,0,1242365,0,5995845;0,4167272,0,09730197,0,622052;0,5358326,0,07487674,0,6200773;0,6487555,0,05629252,0,580128;0,7472521,0,04056527,0,5112516;0,82718,0,03080784,0,4206468;0,8875306,0,02370616,0,3157647;1,0,0;1,0,0;1,0,0;1,0,0;1,0,0;Fire
0,1231438,0,7700376,0,3000131;0,05387402,0,6635818,0,2785456;0,01586533,0,5545642,0,2214275;0,0,436224,0,1730966;0,007652806,0,3123326,0,1386824;0,04482634,0,1957732,0,1789817;0,09643344,0,1343525,0,2797596;0,1677969,0,1098579,0,3841591;0,2682401,0,08837388,0,4618868;0,3857904,0,0682057,0,5105401;0,511558,0,0500869,0,5316639;0,6373918,0,03707207,0,5074061;0,7530886,0,02977317,0,4512548;0,8456204,0,02799504,0,361663;0,9063281,0,02103029,0,2482696;1,0,0;1,0,0;1,0,0;1,0,0;1,0,0;Fire
0,04843372,0,7568527,0,2583925;0,009811632,0,6329215,0,2399038;0,0006644268,0,5062357,0,207354;0,0,3761241,0,1911369;0,01601449,0,2460945,0,1964573;0,07888313,0,1520055,0,2626937;0,150997,0,1321271,0,3703825;0,234885,0,1363029,0,4710693;0,3423013,0,1407993,0,546129;0,4705481,0,1343344,0,572651;0,6003989,0,1185713,0,563555;0,722258,0,1009732,0,5184647;0,8213001,0,08485652,0,4340647;0,8908179,0,06686198,0,3243563;0,9313628,0,04383536,0,201807;1,0,0;1,0,0;1,0,0;1,0,0;1,0,0;Fire
0,1243177,0,7204225,0,4106715;0,05188832,0,6358581,0,3993483;0,01177135,0,5320857,0,387211;0,0,4213056,0,3765066;0,02479593,0,312223,0,3799039;0,09643037,0,2392216,0,4253428;0,1822133,0,1948577,0,4818983;0,2781824,0,1653245,0,5313262;0,3816195,0,1397709,0,5655775;0,4903764,0,1168894,0,5787589;0,6005626,0,09964515,0,5694287;0,7081444,0,08633142,0,5416029;0,8052992,0,07774069,0,4867163;0,8848857,0,07346243,0,4081475;0,9282578,0,06503268,0,3053215;1,0,0;1,0,0;1,0,0;1,0,0;1,0,0;Fire
0,1207067,0,7593786,0,2868325;0,05285425,0,6737055,0,2777203;0,01483544,0,571744,0,2641083;0,0,4645629,0,2462478;0,002495535,0,3550169,0,2417424;0,03310497,0,2553196,0,2756597;0,08955291,0,1836532,0,3365236;0,1694991,0,1377516,0,3959249;0,2643286,0,1053969,0,4405051;0,3662005,0,07798038,0,4704604;0,4734303,0,05589935,0,4768664;0,5805743,0,04096066,0,4588701;0,6815977,0,03302673,0,4169394;0,7705951,0,02873037,0,3530029;0,8376098,0,02312371,0,2663746;1,0,0;1,0,0;1,0,0;1,0,0;1,0,0;Fire
0,0,9302665,0,3731743;0,01096766,0,811555,0,3326381;0,005941141,0,6963463,0,2820654;0,03024565,0,5762336,0,2531154;0,04927574,0,4517946,0,2560635;0,07014069,0,3378054,0,3053285;0,1139719,0,2641522,0,3975777;0,1966552,0,2212638,0,4823123;0,3018156,0,1919805,0,5450791;0,4191438,0,1627661,0,5802433;0,5421215,0,1358358,0,5775715;0,6589891,0,1088502,0,5392357;0,765314,0,08590803,0,4757961;0,8498227,0,06429005,0,3849841;0,9071304,0,04569955,0,2744123;0,9395639,0,02448528,0,1546044;1,0,0;1,0,0;1,0,0;1,0,0;Fire
0,03291197,0,8916993,0,5445415;0,002509641,0,788613,0,4601504;0,005261781,0,6610935,0,4111181;0,0,5305808,0,3709724;0,003116293,0,3942011,0,3629839;0,06913761,0,2793894,0,396635;0,1717813,0,2069524,0,4503944;0,293698,0,169107,0,4991486;0,4247252,0,1448971,0,5294582;0,5604054,0,1296849,0,5351511;0,6917576,0,1177879,0,4994022;0,8073093,0,1059704,0,4274223;0,9038163,0,09434689,0,3313795;0,9612446,0,08176168,0,2080242;0,9816121,0,04252885,0,07872263;1,0,0;1,0,0;1,0,0;1,0,0;1,0,0;Fire
0,005578593,0,7820863,0,6134764;0,0,6830673,0,5465379;0,0150791,0,5666179,0,5235418;0,0523355,0,4534391,0,5126245;0,08315027,0,3380916,0,5205028;0,1299644,0,230003,0,5415254;0,195621,0,1356703,0,5748007;0,297249,0,07917204,0,6030202;0,4120939,0,05257295,0,6235096;0,5317309,0,05226208,0,6216266;0,6456436,0,06567978,0,5875598;0,7523069,0,08041832,0,5353835;0,8461705,0,09111445,0,4619541;0,9131328,0,08633068,0,3629095;0,9519692,0,06892738,0,2510813;1,0,0;1,0,0;1,0,0;1,0,0;1,0,0;Fire
0,03263101,0,7288223,0,4891095;0,01184345,0,6294675,0,4417063;0,0,5284529,0,3947344;0,004848896,0,4279061,0,3455674;0,02170743,0,3173681,0,33866;0,06721192,0,2196403,0,3691428;0,1434761,0,1670539,0,432143;0,2280981,0,1383961,0,4997331;0,327127,0,1223656,0,5496017;0,4354378,0,1064671,0,5734047;0,5454212,0,08618576,0,5668563;0,6522564,0,06608049,0,5397899;0,7527536,0,04759213,0,4938653;0,8349175,0,03359263,0,4190075;0,893603,0,02174075,0,3243179;1,0,0;1,0,0;1,0,0;1,0,0;1,0,0;Fire
0,07621218,0,8079579,0,4523419;0,0441023,0,6995011,0,4027638;0,02832356,0,5863483,0,3558664;0,01446109,0,4695895,0,3180889;0,0,3477646,0,3038953;0,03359288,0,2319144,0,3303936;0,1075492,0,2073493,0,4262003;0,19948,0,2045769,0,5086195;0,3072028,0,1899491,0,5672175;0,4259906,0,1655117,0,5905449;0,5461726,0,1373662,0,5945488;0,6645072,0,1079096,0,5750257;0,7715173,0,08005737,0,5200259;0,8579727,0,05581643,0,4352336;0,9107454,0,03875281,0,3248897;1,0,0;1,0,0;1,0,0;1,0,0;1,0,0;Fire
0,07847052,0,8073755,0,4502295;0,0295079,0,7007902,0,4474988;0,005495666,0,5885479,0,423203;0,0,4755723,0,3920337;0,03332672,0,3636363,0,4032085;0,1158378,0,305243,0,4627683;0,2151284,0,2804665,0,5201504;0,3189208,0,2584062,0,5702073;0,4295119,0,2354607,0,6019615;0,5433719,0,2072284,0,6039806;0,6540926,0,1779599,0,5784958;0,7572255,0,1481908,0,5311393;0,8413612,0,1200465,0,454365;0,9059047,0,09401991,0,3599088;0,9433725,0,06716894,0,2520181;1,0,0;1,0,0;1,0,0;1,0,0;1,0,0;Fire
0,001959383,0,7279482,0,414357;0,0,6713399,0,3235315;0,01966871,0,5920691,0,2543442;0,06122429,0,4948709,0,2375148;0,07406364,0,3889055,0,2295107;0,09259498,0,2842163,0,2419341;0,1405219,0,2030011,0,2925768;0,209595,0,1553023,0,3589948;0,2923788,0,1295836,0,4217879;0,3901624,0,1128604,0,4619913;0,4947825,0,09634975,0,4774712;0,6002029,0,0816733,0,4661252;0,702567,0,06940126,0,4373398;0,7912555,0,05865825,0,3783777;0,8582538,0,04531447,0,2959716;1,0,0;1,0,0;1,0,0;1,0,0;1,0,0;Fire
0,03813862,0,8276298,0,6268209;0,06263276,0,7005742,0,6129041;0,04144974,0,5911223,0,5457602;0,01015974,0,4654087,0,5581608;0,0,3356931,0,555445;0,04609729,0,2307689,0,617111;0,1380865,0,2328422,0,709146;0,2451865,0,2365329,0,7829885;0,369414,0,223745,0,8196051;0,4979689,0,2062834,0,8298761;0,6247013,0,1865862,0,8077928;0,7458578,0,1671952,0,7644123;0,8558182,0,1485935,0,6973345;0,9397485,0,1251612,0,6006733;0,9874114,0,1002053,0,4821735;1,0,07657685,0,3548158;0,9814675,0,0;0,9814675,0,0;0,9814675,0,0;0,9814675,0,0;Fire
0,1785904,0,8787773,0,7791899;0,101453,0,7542695,0,8165347;0,05428226,0,6108075,0,8101633;0,01822907,0,4682265,0,7752656;0,0,3211453,0,7455695;0,01050836,0,1710613,0,73103;0,1000849,0,05786273,0,7758533;0,2267509,0,1147333,0,8355901;0,3712474,0,1392003,0,8725922;0,5223742,0,1410083,0,8747006;0,6638711,0,1269217,0,8234442;0,7902929,0,106729,0,7430901;0,8909225,0,08243685,0,632951;0,9709822,0,058106,0,5070722;1,0,03649694,0,3603138;0,9313787,0,0;0,9313787,0,0;0,9313787,0,0;0,9313787,0,0;0,9313787,0,0;Fire
0,07142259,0,7925846,0,6353869;0,03418673,0,6688972,0,6679046;0,006347003,0,5432873,0,6334141;0,0,4123929,0,6095633;0,006876005,0,2815148,0,5857702;0,07484008,0,171009,0,6159667;0,1717781,0,2335501,0,6825557;0,2882952,0,2755708,0,7315508;0,4212876,0,2687076,0,7344467;0,5503127,0,2425741,0,7141476;0,6738586,0,2136869,0,6735964;0,7924066,0,1828887,0,6212482;0,896014,0,1491534,0,5446329;0,9689471,0,1175629,0,4377438;1,0,08853249,0,3115082;0,9809119,0,0645982,0,1818731;0,8866073,0,0;0,8866073,0,0;0,8866073,0,0;0,8866073,0,0;Fire
0,1251631,0,642808,0,631514;0,07661609,0,5274429,0,6108792;0,03976835,0,4149592,0,5652573;0,01534112,0,2948074,0,5327219;0,0,1692086,0,5417393;0,02854216,0,04720924,0,561569;0,1334399,0,02262984,0,6285319;0,2392373,0,04798276,0,6937689;0,3615744,0,06656679,0,721697;0,4880997,0,07074589,0,7297966;0,6131617,0,0697545,0,7085788;0,7296377,0,0613889,0,6590301;0,8308443,0,05158737,0,5831823;0,9028221,0,04595825,0,4788788;0,9490334,0,03840398,0,3609841;1,0,0;1,0,0;1,0,0;1,0,0;1,0,0;Fire
0,03482815,0,7305735,0,751881;0,00551575,0,6194217,0,7038442;0,0,5017684,0,6632394;0,01997539,0,3827233,0,6324057;0,009678949,0,2585644,0,6322306;0,04214242,0,1423424,0,6632151;0,1367178,0,1914228,0,7277759;0,255912,0,1803205,0,7622858;0,3781615,0,1630214,0,7789369;0,5021821,0,1512474,0,7776105;0,623984,0,1487126,0,7515463;0,7368557,0,1399924,0,699533;0,8339275,0,1221214,0,6235121;0,9182978,0,1018385,0,5341156;0,9758932,0,08181003,0,4254735;1,0,06111153,0,3050082;0,9964849,0,0;0,9964849,0,0;0,9964849,0,0;0,9964849,0,0;Fire
0,03130982,0,6121818,0,5638462;0,03516439,0,5074537,0,5329458;0,04401105,0,4033053,0,5011253;0,02969054,0,2953179,0,4926788;0,0,1901741,0,4917099;0,06164094,0,1166153,0,5439323;0,1604166,0,1223963,0,590275;0,2651633,0,1127396,0,6198139;0,372989,0,1066981,0,6363915;0,4817689,0,09953514,0,6290893;0,5879461,0,08921523,0,6054758;0,6877362,0,07399014,0,5636688;0,773711,0,05918188,0,4978909;0,8414883,0,0467767,0,4130967;0,8884585,0,03605958,0,3150323;1,0,0;1,0,0;1,0,0;1,0,0;1,0,0;Fire
0,0108601,0,3388109,0,3198022;0,003763082,0,2312093,0,3028538;0,006724021,0,1221156,0,3052038;0,0,02813125,0,3603167;0,03469617,0,05664406,0,45981;0,08746661,0,1285828,0,5227054;0,1703794,0,1580747,0,5872918;0,2685648,0,150361,0,6343646;0,3749104,0,1397185,0,6565696;0,4832662,0,1266587,0,6586135;0,5896364,0,1128454,0,6383575;0,6907664,0,09910624,0,5996319;0,7779589,0,08509987,0,5354681;0,8460436,0,07267317,0,4510539;0,8951983,0,05865294,0,354602;1,0,0;1,0,0;1,0,0;1,0,0;1,0,0;Fire
0,04450252,0,4645505,0,3003038;0,01908682,0,3756779,0,2600522;0,003563961,0,282896,0,223789;0,0,1835708,0,2068697;0,03074095,0,1198744,0,2787184;0,09234104,0,1319114,0,3576171;0,1641954,0,1358959,0,4282255;0,2496372,0,1299798,0,4814155;0,3435477,0,1202195,0,5167712;0,4419683,0,1089635,0,5355105;0,5418434,0,0956357,0,5389447;0,6387815,0,08306366,0,5142584;0,7278882,0,06893427,0,4692602;0,8067503,0,05460248,0,4081059;0,8655048,0,04308465,0,3269905;1,0,0;1,0,0;1,0,0;1,0,0;1,0,0;Fire
0,05701692,0,5564304,0,4586246;0,02541769,0,4569595,0,4373524;0,005363463,0,3542677,0,4174097;0,0,2479882,0,4220307;0,0478851,0,1886136,0,4963755;0,1343365,0,1805179,0,5580689;0,2267849,0,179063,0,6109523;0,3220524,0,1749659,0,6584159;0,4261074,0,1614411,0,6767215;0,530964,0,1428336,0,6746424;0,6330705,0,1243023,0,6506352;0,7274094,0,1054672,0,6049091;0,8053432,0,08921662,0,5341438;0,866385,0,07238752,0,4484925;0,9111592,0,05619524,0,3532111;1,0,0;1,0,0;1,0,0;1,0,0;1,0,0;Fire
0,03510728,0,5779561,0,5949833;0,01895897,0,4625017,0,6090791;0,001275406,0,3482874,0,5883055;0,0,2339357,0,5616366;0,02407567,0,1190034,0,5619166;0,09910554,0,06964759,0,6375716;0,1864663,0,09054373,0,7132064;0,2893043,0,1063202,0,7676545;0,4032679,0,1115872,0,7954698;0,5206503,0,1084591,0,794599;0,6364039,0,103153,0,77557;0,7469724,0,09238811,0,737519;0,8409249,0,07841374,0,6684769;0,9150425,0,06560245,0,5783015;0,9714197,0,05431796,0,4759129;0,9987679,0,04294532,0,3622824;1,0,0;1,0,0;1,0,0;1,0,0;Fire
0,06278246,0,5972801,0,6110567;0,02119907,0,4872269,0,5922467;0,0,3711061,0,5760828;0,0005305192,0,2520952,0,5705297;0,04088687,0,1446732,0,60257;0,1315636,0,0895341,0,656719;0,238616,0,09419453,0,7088033;0,350778,0,1146985,0,7433575;0,4693207,0,1203292,0,7538751;0,5872111,0,118111,0,7367979;0,6970232,0,1096496,0,6913621;0,7963923,0,09709662,0,6268415;0,883479,0,08322573,0,5467279;0,9446146,0,06667782,0,4458155;0,975436,0,04999875,0,3319448;1,0,0;1,0,0;1,0,0;1,0,0;1,0,0;Fire
0,05775441,0,5637776,0,5766571;0,02492243,0,4617898,0,5535097;0,003989583,0,3585572,0,5231769;0,0,2543069,0,4895432;0,01118458,0,1456648,0,4802138;0,07478279,0,07443905,0,5340415;0,1595695,0,06293117,0,6025546;0,2582688,0,06845446,0,6499168;0,3646183,0,07226451,0,6761948;0,474216,0,07200421,0,6780747;0,5798487,0,06728799,0,6491831;0,6771508,0,06051155,0,5991666;0,7613727,0,05282801,0,5294321;0,8301414,0,04294095,0,444648;0,8757474,0,0314348,0,3456381;1,0,0;1,0,0;1,0,0;1,0,0;1,0,0;Fire
0,03931252,0,5484705,0,5195438;0,01531525,0,4504537,0,4835718;0,0,3477061,0,4573894;0,000111563,0,2437535,0,4314865;0,02208777,0,1389003,0,4315755;0,07593427,0,07548343,0,4990737;0,1638259,0,08222681,0,5599566;0,2554238,0,08988649,0,6149865;0,3566404,0,09642252,0,6494774;0,4632531,0,09872798,0,6597519;0,5683361,0,09469367,0,6392965;0,6665222,0,08681099,0,5971719;0,7536586,0,07477489,0,5360201;0,8221151,0,06226686,0,4545684;0,8718837,0,04942542,0,3605719;1,0,0;1,0,0;1,0,0;1,0,0;1,0,0;Fire
0,03207296,0,5246757,0,4413984;0,006680485,0,4148677,0,3941474;0,0,2972309,0,3617101;0,01101798,0,1776503,0,3390316;0,04791968,0,07504526,0,3942193;0,108665,0,1075794,0,4951488;0,1848836,0,1616534,0,5739012;0,2805361,0,1994484,0,6399116;0,3985491,0,2105373,0,6696637;0,5205589,0,2065004,0,6753675;0,6403725,0,1908249,0,6570868;0,7482588,0,1685398,0,6041797;0,8426647,0,1437199,0,5306493;0,9128618,0,1168176,0,4342965;0,9545094,0,0873362,0,323249;1,0,0;1,0,0;1,0,0;1,0,0;1,0,0;Fire
0,03592308,0,6279661,0,49058;0,004286005,0,5137652,0,476779;0,0,3985866,0,445977;0,004613564,0,2813398,0,4244098;0,02234542,0,163888,0,4355391;0,09991608,0,1068283,0,5059679;0,1920308,0,09825874,0,5812983;0,3001539,0,1009476,0,6316509;0,417167,0,1061376,0,6543278;0,5364404,0,1079955,0,6524225;0,6492571,0,1011396,0,6142305;0,7500078,0,0866886,0,5519915;0,8323899,0,07053398,0,4672245;0,8858598,0,05458993,0,3617732;1,0,0;1,0,0;1,0,0;1,0,0;1,0,0;1,0,0;Fire
0,04460197,0,7512672,0,4749911;0,01855759,0,6454486,0,4421252;0,0,5352115,0,4206902;0,007008255,0,4219782,0,4114629;0,02351786,0,3095211,0,417536;0,086847,0,2324439,0,4723501;0,1751976,0,2021423,0,5374042;0,2726105,0,189198,0,594843;0,3803659,0,1815174,0,6307018;0,4931707,0,1699594,0,6405779;0,6038699,0,1501302,0,6230119;0,7064641,0,1255549,0,580274;0,7962688,0,09881569,0,5156506;0,8684153,0,07406765,0,4311611;0,9138293,0,05074904,0,3294269;1,0,0;1,0,0;1,0,0;1,0,0;1,0,0;Fire
0,006475091,0,8097025,0,5109389;0,00220201,0,705924,0,4661004;0,0,5995249,0,4277193;0,006045223,0,4879249,0,4101802;0,03188584,0,3784115,0,4219183;0,08404357,0,2949819,0,4777556;0,1700065,0,2633727,0,5441632;0,267478,0,2363869,0,5948565;0,373656,0,2055033,0,6187552;0,4796081,0,1658865,0,6169081;0,5833291,0,1239513,0,6001119;0,6799468,0,08351868,0,5573458;0,7667987,0,05265438,0,4917493;0,8375587,0,03158992,0,4060287;0,8881259,0,01727238,0,3058454;1,0,0;1,0,0;1,0,0;1,0,0;1,0,0;Fire
0,007083028,0,790149,0,6224995;0,006965312,0,6858005,0,5323479;0,0,5639712,0,4681214;0,003171357,0,4312593,0,4307923;0,01303524,0,2937201,0,432056;0,04822088,0,1780356,0,4983507;0,1321343,0,1450525,0,6026895;0,2417473,0,159024,0,6851863;0,3665439,0,1596221,0,7438496;0,5029684,0,1469974,0,7594988;0,6359664,0,1201745,0,734841;0,7597236,0,09119453,0,6813595;0,8671947,0,06115069,0,6003456;0,942807,0,03220225,0,4887181;0,9910901,0,009039138,0,3616427;1,0,0,2243298;0,9776728,0,002252618,0;0,9776728,0,002252618,0;0,9776728,0,002252618,0;0,9776728,0,002252618,0;Fire
0,0,3162337,0,4135003;0,02788081,0,2307684,0,3942223;0,08640825,0,181163,0,4448891;0,1400032,0,1849522,0,5194982;0,2110634,0,1861911,0,5778264;0,2910782,0,1803089,0,6227299;0,3750156,0,1695007,0,6586601;0,464231,0,1520963,0,6724795;0,5541733,0,1331801,0,670059;0,6426013,0,1151791,0,6524598;0,7237584,0,09574236,0,6138718;0,79482,0,07981005,0,5577497;0,8568453,0,06500988,0,4915145;0,9086266,0,05038757,0,4169614;0,9445901,0,03825073,0,3332201;1,0,0;1,0,0;1,0,0;1,0,0;1,0,0;Fire
0,09601436,0,8410372,0,8438768;0,04071099,0,7175349,0,788143;0,009492689,0,580152,0,7485335;0,0,4345832,0,7368218;0,05342533,0,3020155,0,7682721;0,1699721,0,2769613,0,8531643;0,2999789,0,2598701,0,9181541;0,4420952,0,2354771,0,9431645;0,5842848,0,2025233,0,9325005;0,716969,0,1689053,0,8807095;0,8294149,0,1357931,0,7930907;0,9218602,0,1045503,0,684025;0,9876549,0,07756171,0,5561179;1,0,0609724,0,4112388;0,902038,0,0;0,902038,0,0;0,902038,0,0;0,902038,0,0;0,902038,0,0;0,902038,0,0;Fire
0,1812675,0,9470575,0,663126;0,09322184,0,810066,0,6525584;0,03332758,0,6711869,0,591275;0,0,519299,0,5417807;0,008780111,0,3567368,0,530518;0,06311578,0,2241281,0,6085752;0,1746242,0,1706683,0,7150566;0,3141799,0,1342536,0,7914016;0,4708796,0,102605,0,8241727;0,6289192,0,07315376,0,7961293;0,7751186,0,04513954,0,7292613;0,9015506,0,02221281,0,6286644;0,9763621,0,01061622,0,4840991;1,0,0,3229814;0,9994485,0,03774703,0;0,9994485,0,03774703,0;0,9994485,0,03774703,0;0,9994485,0,03774703,0;0,9994485,0,03774703,0;0,9994485,0,03774703,0;Fire
0,1314533,0,7264686,0,5911902;0,06378739,0,6284784,0,5635077;0,01629143,0,523796,0,5218808;0,0,4082384,0,4854378;0,007638077,0,2863289,0,4802579;0,06727244,0,19211,0,5303938;0,1571248,0,1320356,0,5875314;0,2643776,0,09172777,0,6301831;0,3822268,0,06324548,0,6459112;0,5024038,0,04169586,0,6395726;0,6167927,0,03337282,0,5972292;0,7216743,0,03072688,0,5344602;0,8036535,0,02878986,0,443781;1,0,0;1,0,0;1,0,0;1,0,0;1,0,0;1,0,0;1,0,0;Fire
0,1379633,0,8281982,0,5841283;0,07468338,0,7155406,0,5242489;0,02255833,0,5995673,0,4601023;0,0,4684383,0,409329;0,003017256,0,3316143,0,3699371;0,03590082,0,1939489,0,3857015;0,09109268,0,09940351,0,4767875;0,1750568,0,0770711,0,5896277;0,2862849,0,05914529,0,6767402;0,4195173,0,04522262,0,7250818;0,5614797,0,03460941,0,7211244;0,6958535,0,02117049,0,6759061;0,8075851,0,009283855,0,5884053;0,8977357,0,001892031,0,478406;0,9482823,0,0,3452779;1,0,01207004,0;1,0,01207004,0;1,0,01207004,0;1,0,01207004,0;1,0,01207004,0;Fire
0,08125769,0,7990466,0,4847418;0,03504009,0,6765873,0,4599245;0,01207999,0,5511249,0,4214503;0,0,419767,0,4028106;0,03967344,0,292906,0,4117854;0,1192891,0,1987988,0,4623166;0,223662,0,1544303,0,5322165;0,3392439,0,1250867,0,5916137;0,4661781,0,1049733,0,6267051;0,5985634,0,09067798,0,6224605;0,7229431,0,07800298,0,5764466;0,8341612,0,0651103,0,5042485;0,9251028,0,05220291,0,4077535;0,9795921,0,04144286,0,2866611;1,0,0;1,0,0;1,0,0;1,0,0;1,0,0;1,0,0;Fire
0,1422329,0,8554205,0,4113726;0,08441085,0,7406614,0,4059129;0,04082213,0,6253929,0,3690885;0,01298372,0,5046581,0,3345777;0,0,3774215,0,3209718;0,01252612,0,2540541,0,355125;0,09505568,0,1903309,0,4304315;0,200133,0,1565268,0,4964535;0,3217786,0,13331,0,5311835;0,4485361,0,1175075,0,546205;0,5734249,0,1091697,0,5166055;0,6857849,0,1021528,0,4544055;0,7734519,0,08869778,0,3612589;1,0,0;1,0,0;1,0,0;1,0,0;1,0,0;1,0,0;1,0,0;Fire
0,04073031,0,7217115,0,4038361;0,02161403,0,6094513,0,3278016;0,0,4795673,0,2902251;0,008111496,0,3445858,0,2687025;0,06116325,0,2235089,0,3044086;0,1491037,0,1569059,0,385523;0,2521004,0,1261333,0,4703389;0,3672201,0,1062894,0,5417722;0,4950889,0,09262183,0,5888019;0,6314027,0,07967948,0,5885981;0,7610027,0,06583425,0,5466317;0,8729815,0,05328075,0,4688359;0,9448457,0,03533751,0,3536727;0,9851163,0,01789638,0,2239687;1,0,0;1,0,0;1,0,0;1,0,0;1,0,0;1,0,0;Fire
0,1935751,0,8934255,0,465147;0,126156,0,7958361,0,415492;0,06457313,0,6920511,0,3710979;0,01919709,0,5792892,0,3291407;0,0,4558532,0,2986503;0,004342583,0,3274065,0,3027993;0,06131569,0,2374034,0,3748281;0,1509465,0,1882008,0,4528027;0,2620818,0,1544106,0,5079553;0,3857709,0,1256687,0,5281927;0,511201,0,09957574,0,5171899;0,6307381,0,07312555,0,4778717;0,7364296,0,05088281,0,4080921;0,8181984,0,03938286,0,309521;1,0,0;1,0,0;1,0,0;1,0,0;1,0,0;1,0,0;Fire
0,08686041,0,7448255,0,4446764;0,04373266,0,6635648,0,3803367;0,01351592,0,5666854,0,3323343;0,0,4552525,0,3306166;0,01503276,0,35409,0,3769098;0,07180626,0,2754215,0,4333983;0,1507372,0,2201326,0,4909828;0,2491901,0,1803412,0,5274051;0,3542874,0,1445777,0,5440916;0,4628464,0,1168172,0,5372201;0,5678632,0,09629829,0,5032588;0,6657067,0,08143213,0,4502629;0,7506789,0,06819677,0,3781001;0,8146083,0,0535442,0,2869889;1,0,0;1,0,0;1,0,0;1,0,0;1,0,0;1,0,0;Fire
0,006237488,0,6855341,0,3400643;0,0,5633665,0,3306203;0,009170966,0,4494308,0,2860381;0,03834331,0,3318916,0,2663783;0,08241693,0,2183627,0,2812674;0,1702822,0,1534444,0,3371092;0,2767908,0,1366364,0,3956448;0,3924179,0,1360235,0,436669;0,5147556,0,134858,0,4458956;0,6355684,0,1282021,0,4255743;0,7469651,0,1167441,0,3754494;0,8422948,0,1041818,0,299243;0,9055877,0,0888902,0,1952566;0,9393235,0,07219266,0,07848296;1,0,0;0,9620568,0,03518055,0,09031095;0,9620568,0,03518055,0,09031095;0,9620568,0,03518055,0,09031095;0,9620568,0,03518055,0,09031095;0,9620568,0,03518055,0,09031095;Fire
0,05938989,0,68642,0,3836647;0,01994448,0,5779623,0,4003753;0,0,4666165,0,3720458;0,0007647864,0,3525563,0,3477991;0,0141447,0,2408885,0,378613;0,0654653,0,157429,0,4418501;0,146148,0,1194061,0,5169685;0,2495951,0,09881768,0,5666984;0,3612565,0,08003306,0,5945747;0,4764586,0,06230969,0,5981252;0,5893094,0,04617364,0,5735786;0,6965933,0,03270044,0,5299108;0,7877539,0,02351919,0,4577743;0,8537074,0,0177091,0,3617816;1,0,0;1,0,0;1,0,0;1,0,0;1,0,0;1,0,0;Fire
0,1035001,0,7816955,0,2691521;0,0468747,0,6773278,0,2591079;0,0163561,0,5652477,0,2325253;0,001769127,0,4483735,0,2144253;0,0,3301641,0,2293706;0,02439189,0,2258835,0,2816254;0,09583195,0,1663584,0,3561442;0,1903561,0,1406268,0,4239897;0,2992911,0,1275505,0,4704886;0,416452,0,1164449,0,4891956;0,5348572,0,1059592,0,4808155;0,6498395,0,09507632,0,4514796;0,7542025,0,08336163,0,3951671;0,8401327,0,06865842,0,3139282;0,8997151,0,05047062,0,2123452;1,0,0;1,0,0;1,0,0;1,0,0;1,0,0;Fire
0,1315883,0,7851544,0,1134683;0,06841839,0,670249,0,1083775;0,03476105,0,5486224,0,07240911;0,009159566,0,4273639,0,02927514;0,0,299776,0;0,01659567,0,177491,0,04461575;0,076435,0,1295558,0,1511102;0,1687686,0,1114947,0,2425864;0,2842175,0,09242685,0,3019798;0,4091294,0,07253093,0,3369192;0,5395343,0,05792182,0,3360557;0,6632865,0,05764449,0,2924104;0,7716566,0,05563269,0,2184411;0,867434,0,04046349,0,1300318;1,0,0,1281025;1,0,0,1281025;1,0,0,1281025;1,0,0,1281025;1,0,0,1281025;1,0,0,1281025;Fire
0,02334756,0,6572148,0,1667141;0,005109356,0,5632162,0,09838802;0,0,4613986,0,03970347;0,008406035,0,3507649,0,0006350034;0,02938894,0,2350232,0;0,06479393,0,1280557,0,03378266;0,1287334,0,06448062,0,1093258;0,2071674,0,03120185,0,1904274;0,296195,0,01539997,0,2656684;0,3958224,0,006998145,0,3276411;0,5065328,0,006101782,0,3673806;0,6240157,0,01162506,0,3653566;0,7348719,0,01192739,0,3260167;0,8270384,0,006454139,0,2531318;0,8919595,0,0,1552522;1,0,02387127,0,03624639;1,0,02387127,0,03624639;1,0,02387127,0,03624639;1,0,02387127,0,03624639;1,0,02387127,0,03624639;Fire
0,02803216,0,6276356,0,1770363;0,01170569,0,5503416,0,1005112;0,0,4577668,0,0422885;0,01305284,0,3488795,0,03391188;0,04840836,0,2491001,0,06376237;0,09855911,0,1673637,0,1176239;0,1687455,0,1060259,0,1760065;0,2512895,0,05740997,0,2300434;0,3459995,0,02227655,0,2735481;0,4526438,0,009918576,0,2974494;0,562543,0,01149062,0,2933643;0,6656852,0,01552866,0,2553854;0,7502128,0,01375647,0,1850367;1,0,0;1,0,0;1,0,0;1,0,0;1,0,0;1,0,0;1,0,0;Fire
0,1057795,0,6476159,0,1837117;0,08122356,0,5555976,0,1145026;0,03715582,0,4577047,0,06617799;0,0,3524694,0,02869173;0,00137797,0,2382978,0;0,02440127,0,124795,0,0211494;0,08082909,0,05125421,0,0937297;0,1520866,0,01486161,0,1800906;0,2335965,0,00144875,0,2639743;0,3320529,0,0,3285073;0,4436649,0,003865857,0,3657641;0,5613306,0,006299677,0,3627466;0,6750361,0,009174036,0,3323646;0,7773924,0,01722101,0,2747566;0,8556328,0,02598736,0,1872246;1,0,03928667,0,006385599;1,0,03928667,0,006385599;1,0,03928667,0,006385599;1,0,03928667,0,006385599;1,0,03928667,0,006385599;Fire
0,04989352,0,5483122,0,1721714;0,0135062,0,4562833,0,1161266;0,0,3551703,0,06584617;0,001810101,0,2418188,0,05676079;0,02265149,0,1436293,0,1102287;0,06026816,0,07535505,0,1930417;0,117587,0,04228312,0,2855358;0,1946455,0,02184122,0,3666438;0,2894361,0,01007344,0,4283741;0,3968444,0,006638768,0,4656036;0,5104639,0,005274946,0,4704126;0,6230115,0,005941021,0,4540735;0,7303076,0,01065706,0,416661;0,8198215,0,01963016,0,3470829;0,8843127,0,02528217,0,2535772;1,0,0;1,0,0;1,0,0;1,0,0;1,0,0;Fire
