0,0,2795757,0,2181486;0,01380283,0,2008937,0,2511397;0,02799724,0,1174229,0,2337927;0,03254922,0,04726979,0,1835176;0,04090624,0,0,1116461;0,03895871,0,02550742,0,02909097;0,03461868,0,1067765,0;0,02906377,0,1928024,0,006201419;0,03231742,0,2766008,0,02710607;0,04024214,0,3618099,0,03920542;0,04729065,0,4479303,0,04104348;0,05146366,0,5339387,0,03363277;0,04241773,0,6197343,0,02843026;0,03023848,0,7052773,0,0264682;0,02536059,0,7912769,0,03354343;0,02927056,0,8770949,0,04301648;0,005131311,0,9600535,0,04079359;0,002244192,1,0,03058298;0,002244192,1,0,03058298;0,002244192,1,0,03058298;Lightning
0,001777872,0,1124237,0,2522556;0,01538799,0,04797591,0,2146831;0,008681401,0,00639607,0,151623;0,0,0,07656196;0,01220226,0,03695886,0,0114806;0,0157654,0,1118317,0;0,01152251,0,1871765,0,007455382;0,01021576,0,2592738,0,03092285;0,01365068,0,3333326,0,04685785;0,01915218,0,4086246,0,05401963;0,02208773,0,484381,0,05234818;0,01873549,0,5600666,0,04905014;0,01477943,0,6357857,0,05023974;0,01665711,0,7111549,0,05838694;0,01530562,0,7867357,0,06440121;0,02429875,1,0,07464325;0,02429875,1,0,07464325;0,02429875,1,0,07464325;0,02429875,1,0,07464325;0,02429875,1,0,07464325;Lightning
0,008302048,0,1139806,0,2548326;0,009275103,0,06205252,0,2023658;0,01386028,0,01870583,0,1427815;0,01594207,0,0,07139523;0,008914627,0,06374216,0,03481926;0,009311065,0,1373674,0,02939572;0,007161773,0,2105352,0,03899228;0,007483327,0,2835517,0,0498891;0,01193339,0,357125,0,05406244;0,01774568,0,4304494,0,04773849;0,02007521,0,5034432,0,03693508;0,01227895,0,5758076,0,02457098;0,0122105,0,6492993,0,01755591;0,01188631,0,7229958,0,01320131;0,1,0;0,1,0;0,1,0;0,1,0;0,1,0;0,1,0;Lightning
0,0,240547,0,2530493;0,01041284,0,1604509,0,2408742;0,001931051,0,09077178,0,1991019;0,005411827,0,03380966,0,1406617;0,01761962,0,0,06731375;0,01311547,0,06379806,0,01650458;0,01060153,0,1451014,0,00905483;0,006731366,0,2255449,0,02268958;0,008075926,0,3065923,0,03276708;0,01305573,0,3881151,0,03389471;0,01498351,0,469003,0,02269229;0,01287563,0,5495925,0,009541691;0,008608115,0,6309485,0,003623587;0,008389028,0,7125949,0,006048082;0,007336128,0,794257,0,007540113;0,01578353,1,0;0,01578353,1,0;0,01578353,1,0;0,01578353,1,0;0,01578353,1,0;Lightning
0,0,2923395,0,2810483;0,03439564,0,2086438,0,2965981;0,04180336,0,1188035,0,2791721;0,06050516,0,05139796,0,2197032;0,08225374,0,004143994,0,1440468;0,08467983,0,0,0523584;0,1013628,0,07355335,0;0,1048232,0,1652046,0,004230032;0,1081169,0,2546679,0,02460879;0,1020646,0,3458879,0,03310038;0,09582607,0,4372866,0,02700362;0,0844955,0,5283536,0,02413287;0,07576905,0,6193982,0,03216704;0,07305944,0,7104396,0,04374111;0,07349826,0,8009742,0,05900847;0,06089433,1,0,06023232;0,06089433,1,0,06023232;0,06089433,1,0,06023232;0,06089433,1,0,06023232;0,06089433,1,0,06023232;Lightning
0,0,2461734,0,28567;0,02167318,0,1579457,0,2879769;0,02325279,0,08326998,0,236206;0,02759513,0,03373627,0,1601355;0,03132346,0,0,07583165;0,02869544,0,05116542,0,0007692279;0,01783699,0,1413911,0;0,02020261,0,2274543,0,02909812;0,02286809,0,3111518,0,06440818;0,0270887,0,3993714,0,08582495;0,03388303,0,4899032,0,08994893;0,036736,0,5794383,0,07463565;0,02598834,0,6689355,0,06306391;0,02534994,0,7597771,0,06562982;0,0154935,0,8451522,0,09517816;0,04247481,0,9311894,0,1065267;0,01105956,1,0,156899;0,01739065,0,9749327,0,1269253;0,01739065,0,9749327,0,1269253;0,01739065,0,9749327,0,1269253;Lightning
0,0,2593434,0,3897439;0,02987467,0,1653669,0,3717416;0,02586424,0,08385146,0,3135409;0,03759682,0,02489403,0,2333253;0,04138548,0,0,136299;0,05030075,0,03563914,0,04303301;0,0666981,0,1246754,0;0,07327881,0,2227767,0,01951955;0,08096077,0,3204477,0,04072198;0,09134972,0,4199297,0,04732294;0,09838866,0,5196381,0,03978273;0,09098904,0,6196024,0,04053216;0,0917488,0,7184213,0,05733732;0,1042269,0,8145888,0,08271998;0,1144052,0,9044563,0,1259452;0,1146338,1,0,1551758;0,1146338,1,0,1551758;0,1146338,1,0,1551758;0,1146338,1,0,1551758;0,1146338,1,0,1551758;Lightning
0,003818899,0,1901897,0,3046031;0,0107526,0,11542,0,2716529;0,01929135,0,05886915,0,2128873;0,021825,0,01713206,0,1423472;0,03127282,0,0,06271344;0,03444984,0,05273749,0;0,03946285,0,1339615,0,01009164;0,04380961,0,2119556,0,03503835;0,04613134,0,2900146,0,06005264;0,05062133,0,3704563,0,07532632;0,05153359,0,4524444,0,07652039;0,04480782,0,5335834,0,06674603;0,03565708,0,6145858,0,05784819;0,03026646,0,6964054,0,05875527;0,02975115,0,778373,0,06106678;0,1,0,04872321;0,1,0,04872321;0,1,0,04872321;0,1,0,04872321;0,1,0,04872321;Lightning
0,06901268,0,0599649,0,2222095;0,05667872,0,01866606,0,1598139;0,06465092,0,0,08674581;0,06569196,0,04599411,0,02645994;0,0653175,0,1217956,0,02424047;0,04609788,0,1936306,0,03911554;0,03175249,0,2647823,0,06108302;0,02807908,0,3366753,0,08493303;0,02577509,0,4119564,0,09378607;0,02683336,0,4875112,0,08736125;0,02245471,0,5615801,0,07169114;0,01843005,0,6362574,0,05911926;0,0133552,0,7116402,0,05259245;0,01623212,0,7870502,0,04511;0,0101781,0,859989,0,02525545;0,1,0;0,1,0;0,1,0;0,1,0;0,1,0;Lightning
0,01757341,0,08383672,0,2437282;0,02256082,0,02279573,0,1915221;0,03147445,0,0,1148588;0,04699326,0,007802131,0,03627986;0,05402236,0,0792914,0;0,04194733,0,1584641,0,007888772;0,03505277,0,2346403,0,03290902;0,03151679,0,312061,0,05458565;0,02899703,0,3918681,0,06462805;0,02501893,0,4722411,0,06379018;0,01422129,0,5517429,0,05752664;0,005526316,0,6316038,0,05273262;0,0004420127,0,7119184,0,05301744;0,0,7923911,0,05354664;0,006060972,0,8725017,0,04886353;0,0002039116,1,0,03640104;0,0002039116,1,0,03640104;0,0002039116,1,0,03640104;0,0002039116,1,0,03640104;0,0002039116,1,0,03640104;Lightning
0,04759955,0,04790001,0,2009698;0,05172234,0,01820315,0,1368769;0,07086837,0,0,07123491;0,07309111,0,02416003,0,00476572;0,06622006,0,09442294,0;0,05228557,0,1624101,0,01379792;0,03829822,0,2292647,0,03228058;0,03118201,0,2971696,0,05085703;0,02967568,0,3665763,0,06454093;0,03047853,0,4370238,0,07112108;0,02845946,0,5077537,0,07116774;0,02362173,0,5783048,0,06872741;0,01842967,0,6488426,0,07079161;0,01564038,0,7195449,0,07123107;0,0124226,0,7902294,0,0716447;0,1,0,06749699;0,1,0,06749699;0,1,0,06749699;0,1,0,06749699;0,1,0,06749699;Lightning
0,0,2572727,0,293993;0,004864453,0,1736918,0,2964518;0,02073951,0,09780569,0,2647538;0,03280274,0,03743275,0,2079642;0,03848379,0,0,1332515;0,04770329,0,01872487,0,05213512;0,04208825,0,1018743,0,04376081;0,04128905,0,1843088,0,05857272;0,04178253,0,2675685,0,06768575;0,04340908,0,3512609,0,06478494;0,03617571,0,4343318,0,05688617;0,03016232,0,5176668,0,05100419;0,02464445,0,6012158,0,04886226;0,02873368,0,6845194,0,04116295;0,01326826,1,0;0,01326826,1,0;0,01326826,1,0;0,01326826,1,0;0,01326826,1,0;0,01326826,1,0;Lightning
0,0,2335199,0,2714434;0,003713833,0,1515765,0,258201;0,0193699,0,08833432,0,2066337;0,02313589,0,03614753,0,1420874;0,02575179,0,0,06731855;0,01615131,0,04774844,0;0,01937267,0,1307531,0,001927673;0,01647044,0,2124606,0,0167374;0,01166429,0,2940709,0,03158795;0,0106035,0,3767878,0,03937654;0,018974,0,4594149,0,04193771;0,01854201,0,5424317,0,03848892;0,01391445,0,6253573,0,03608558;0,01239905,0,7084182,0,03765851;0,01516394,0,7913744,0,03385208;0,01440772,0,8736645,0,02237897;0,04056083,1,0,01383005;0,04056083,1,0,01383005;0,04056083,1,0,01383005;0,04056083,1,0,01383005;Lightning
0,0,1521319,0,3073346;0,007837596,0,0807088,0,2677869;0,01190864,0,03255557,0,2015192;0,01730764,0,0,1264347;0,01657331,0,01958433,0,04679409;0,0261119,0,08626293,0;0,02883939,0,16746,0,01123859;0,02952913,0,2459136,0,03513976;0,03616898,0,3254903,0,05385264;0,04021522,0,4069515,0,06247813;0,03166277,0,4885106,0,06377629;0,02719717,0,5704002,0,06285313;0,02574096,0,6522285,0,06821182;0,02812253,0,7342104,0,0680932;0,02550037,0,8156028,0,05834138;0,0224343,1,0,03677336;0,0224343,1,0,03677336;0,0224343,1,0,03677336;0,0224343,1,0,03677336;0,0224343,1,0,03677336;Lightning
0,01400372,0,1120859,0,2829641;0,02178179,0,05141,0,2443221;0,03602331,0,0113869,0,1857508;0,04948675,0,0,1155771;0,06122497,0,03593869,0,0538852;0,05479513,0,1073365,0,06369743;0,04902344,0,1768255,0,0830166;0,04918332,0,2464243,0,1027967;0,04982596,0,3183202,0,1109106;0,04766509,0,3904719,0,1059378;0,04088134,0,4616063,0,09457362;0,03334981,0,5326448,0,08308157;0,02821266,0,6043373,0,0747716;0,0230009,0,6758406,0,06500448;0,02012944,0,7468011,0,0511612;0,1,0;0,1,0;0,1,0;0,1,0;0,1,0;Lightning
0,03518817,0,01972361,0,1967367;0,04031452,0,009196029,0,1309084;0,06797102,0,0,07073341;0,0765556,0,02695152,0,01014964;0,09351923,0,09154014,0,01346959;0,08943439,0,154275,0,03623206;0,08469529,0,2160895,0,06127165;0,08019256,0,2800347,0,08027743;0,07514355,0,3463928,0,08672587;0,06945859,0,4129853,0,08482881;0,0596527,0,4783949,0,07503586;0,04644588,0,542496,0,06135753;0,03602485,0,6070457,0,04738573;0,02624714,0,6726212,0,03874159;0,01971924,0,7388242,0,0320312;0,1,0;0,1,0;0,1,0;0,1,0;0,1,0;Lightning
0,0008826509,0,07974929,0,2417139;0,009960393,0,03760604,0,1846422;0,02376015,0,009949165,0,1201417;0,02642135,0,0,04936341;0,02870679,0,05846447,0,008225592;0,02563238,0,1294471,0;0,0258645,0,1997927,0,01292573;0,02263973,0,2697321,0,02754489;0,02116207,0,3402905,0,03916272;0,02106663,0,4115311,0,04551927;0,01978951,0,4829923,0,04822157;0,01467249,0,5540704,0,05433427;0,009985371,0,6249215,0,06292504;0,005196653,0,694723,0,07777271;0,003994018,0,7655014,0,08800121;0,003925452,0,8369969,0,09000733;0,1,0,09822752;0,1,0,09822752;0,1,0,09822752;0,1,0,09822752;Lightning
0,02281049,0,04415111,0,1677984;0,0232702,0,004883853,0,11426;0,04100193,0,0,05046175;0,04513364,0,04295377,0;0,05006145,0,1090314,0,00423585;0,0444731,0,1728133,0,02181817;0,03866986,0,2344649,0,04577401;0,03379827,0,2973076,0,06664398;0,03174275,0,3621744,0,08066393;0,02976174,0,4283725,0,08539473;0,02512328,0,4940506,0,07683009;0,01759311,0,5583057,0,06189493;0,009266289,0,623147,0,0502864;0,004163308,0,6891115,0,04470716;0,0,7553725,0,04549975;0,01709291,1,0,04664543;0,01709291,1,0,04664543;0,01709291,1,0,04664543;0,01709291,1,0,04664543;0,01709291,1,0,04664543;Lightning
0,01246774,0,3623443,0,2668146;0,0,2884501,0,3219254;0,02314736,0,1983794,0,3240401;0,03170004,0,1208231,0,2733955;0,04675323,0,0533397,0,2111669;0,05696677,0,004175882,0,1328624;0,05871811,0,0,03995112;0,06876847,0,08340205,0;0,06553484,0,1756975,0,01113986;0,07457166,0,2634136,0,04075775;0,07708813,0,3543622,0,06012364;0,07348119,0,4473132,0,06045473;0,0662478,0,5390459,0,04682465;0,05807275,0,631247,0,037599;0,05946634,0,7241422,0,03295574;0,06927933,0,8163487,0,02556154;0,07408053,1,0,002567694;0,07408053,1,0,002567694;0,07408053,1,0,002567694;0,07408053,1,0,002567694;Lightning
0,0,2789997,0,3265955;0,003125906,0,1889906,0,3039331;0,02225268,0,1078942,0,2629142;0,04041946,0,04059768,0,2015452;0,04984403,0,0,1185512;0,05709358,0,01343263,0,02694324;0,05325882,0,1022266,0;0,03456806,0,1874601,0,03179475;0,03399415,0,2711915,0,07196604;0,03157447,0,3600128,0,09898342;0,03199725,0,4521049,0,1109783;0,03257015,0,5446559,0,1032972;0,02923186,0,6365979,0,09062737;0,02035623,0,7289683,0,09436166;0,01483417,0,8202314,0,1106578;0,03190567,0,909169,0,1312411;0,005286986,1,0,1413113;0,005286986,1,0,1413113;0,005286986,1,0,1413113;0,005286986,1,0,1413113;Lightning
0,0,2410956,0,2311675;0,001669611,0,1572629,0,2245007;0,004110638,0,08655307,0,1790107;0,0179719,0,03121887,0,1171952;0,04569593,0,0,04417509;0,05885158,0,07036092,0;0,07041277,0,153009,0,0105262;0,06322735,0,2277837,0,04837182;0,06448549,0,3048759,0,08199274;0,0675723,0,386242,0,1030925;0,06554867,0,4703311,0,1033935;0,06491188,0,5535274,0,09101781;0,06048284,0,6362975,0,07671227;0,05929229,0,7202654,0,07190108;0,06788304,0,8035136,0,06346816;0,05703128,1,0,03040358;0,05703128,1,0,03040358;0,05703128,1,0,03040358;0,05703128,1,0,03040358;0,05703128,1,0,03040358;Lightning
0,002410983,0,2705886,0,2547302;0,0,1858864,0,260833;0,003256635,0,1052883,0,2341707;0,01723569,0,04185012,0,1794194;0,03569758,0,0,1078286;0,06083774,0,006145059,0,02691047;0,07228156,0,08590963,0;0,07837938,0,1705641,0,003737382;0,07729121,0,2512535,0,03029969;0,07631848,0,3296433,0,06303546;0,07414714,0,4107565,0,088204;0,08215417,0,4948686,0,09706831;0,08274145,0,5797114,0,1014128;0,0748463,0,664268,0,10373;0,07730197,0,74885,0,1113049;0,0862044,0,833334,0,1121493;0,07707419,1,0,1171768;0,07707419,1,0,1171768;0,07707419,1,0,1171768;0,07707419,1,0,1171768;Lightning
0,0,216733,0,2848128;0,01898072,0,1372284,0,2562301;0,02849634,0,06441868,0,2103342;0,03756073,0,009511149,0,1439924;0,05579937,0,0,05987859;0,06903956,0,06113502,0;0,06922448,0,1476061,0,004578078;0,07206177,0,229434,0,03276265;0,07830564,0,3106216,0,06222137;0,08176756,0,3954615,0,07920537;0,08593696,0,4818373,0,08368479;0,08284321,0,567376,0,07057764;0,07705017,0,6520984,0,05364248;0,06816172,0,7378654,0,0456895;0,06527621,0,8242714,0,04079977;0,0685289,0,9096446,0,02669021;0,07163811,1,0,008896824;0,07163811,1,0,008896824;0,07163811,1,0,008896824;0,07163811,1,0,008896824;Lightning
0,0,5089831,0,3429033;0,009924093,0,4034878,0,3415104;0,01984517,0,2994786,0,323809;0,02758622,0,2012933,0,2847013;0,03283877,0,1111582,0,2292236;0,02761151,0,03181895,0,1591691;0,02262823,0,0,05821164;0,03133619,0,09636837,0,01500291;0,03119529,0,1995222,0,03927133;0,03630907,0,3045053,0,05276482;0,04426827,0,4101509,0,0504535;0,03884344,0,5158347,0,04486876;0,03633604,0,6213848,0,03578146;0,04056276,0,7272707,0,03569698;0,05396157,0,8315993,0,02282458;0,06196999,1,0;0,06196999,1,0;0,06196999,1,0;0,06196999,1,0;0,06196999,1,0;Lightning
0,0,2485494,0,2286668;0,00524313,0,1684555,0,2240725;0,02336754,0,09590665,0,1945461;0,03358863,0,037465,0,1402899;0,04741443,0,0,07051277;0,070556,0,03092002,0;0,06309894,0,11037,0,009783591;0,06116035,0,1889474,0,02667925;0,07291237,0,2638702,0,05336433;0,07102635,0,3395454,0,08044456;0,06991059,0,4174823,0,1001479;0,06854912,0,4975089,0,1077325;0,06442162,0,5776473,0,1027908;0,05808962,0,656441,0,08812443;0,04503931,0,7352736,0,07925099;0,0342916,0,8142636,0,08967706;0,03970595,0,8943762,0,08564452;0,02359894,1,0,04997492;0,02359894,1,0,04997492;0,02359894,1,0,04997492;Lightning
0,0,1803084,0,2687661;0,007207785,0,1025745,0,2396189;0,01940677,0,03993847,0,1860279;0,03296075,0,0,114158;0,0653559,0,02383998,0,04117661;0,08779222,0,09417979,0,00253733;0,09949202,0,1766465,0;0,109882,0,257938,0,01509309;0,1121732,0,3393813,0,03258047;0,1117161,0,4224272,0,03945313;0,1039697,0,5053321,0,03615857;0,09135514,0,5875338,0,04143406;0,0794544,0,6690044,0,05427965;0,07452922,0,7497329,0,07434785;0,07860117,0,8303609,0,09500242;0,04075958,1,0,1016352;0,04075958,1,0,1016352;0,04075958,1,0,1016352;0,04075958,1,0,1016352;0,04075958,1,0,1016352;Lightning
0,0,09452628,0,223005;2,453041E-05,0,04120705,0,173174;0,002578457,0,004608396,0,110086;0,01906516,0,0,03914225;0,0492924,0,05366816,0;0,06134284,0,1255879,0,002900684;0,06134059,0,1964926,0,02018048;0,06253584,0,2665011,0,04075865;0,06185808,0,3368564,0,06014253;0,05990784,0,4086617,0,07303722;0,05485992,0,4810583,0,08073901;0,04486526,0,5526214,0,0909812;0,03868532,0,6245217,0,1018546;0,03484374,0,6960991,0,1155657;0,0354547,0,76851,0,1246403;0,02848861,0,8411559,0,124288;0,02838149,1,0,1287996;0,02838149,1,0,1287996;0,02838149,1,0,1287996;0,02838149,1,0,1287996;Lightning
0,0,07791272,0,2043445;0,01062591,0,02350573,0,1541723;0,02648279,0,0,08498908;0,06655834,0,02538763,0,02719897;0,09622179,0,0884001,0;0,1106268,0,1617055,0,003015797;0,1181812,0,2350467,0,01543655;0,1214445,0,3080966,0,03103593;0,1193827,0,381669,0,0441942;0,120874,0,4562042,0,0498995;0,1082392,0,5298569,0,05233305;0,09426703,0,6031349,0,05737235;0,078517,0,674238,0,0743002;0,07247957,0,7471508,0,08971287;0,07515342,0,8213696,0,09835622;0,03938599,1,0,1073631;0,03938599,1,0,1073631;0,03938599,1,0,1073631;0,03938599,1,0,1073631;0,03938599,1,0,1073631;Lightning
0,0,1548452,0,2378148;0,01362867,0,08041101,0,2183438;0,0311925,0,02536752,0,1657411;0,04639276,0,0,09341719;0,07547662,0,03097525,0,027843;0,100827,0,0994401,0;0,1285972,0,1723348,0,004525879;0,149807,0,2450514,0,02370269;0,1669821,0,3189638,0,04233837;0,1739922,0,3955334,0,05624043;0,1718199,0,4728288,0,06746577;0,160419,0,5495326,0,07705027;0,1452949,0,6254598,0,08761647;0,1260169,0,7002533,0,09943148;0,1179809,0,7776719,0,1062946;0,1104686,0,855219,0,1003519;0,08910885,1,0,08409081;0,08910885,1,0,08409081;0,08910885,1,0,08409081;0,08910885,1,0,08409081;Lightning
0,0,07463958,0,2002873;0,006899366,0,02613896,0,147909;0,01311986,0,0,081415;0,03067065,0,02477207,0,01644032;0,05278272,0,09098508,0;0,05913264,0,1613972,0,01205013;0,06874023,0,2284635,0,03557013;0,08207508,0,2943704,0,06050717;0,08838192,0,3638995,0,07691833;0,09339765,0,4347154,0,08708419;0,09240302,0,5062709,0,09179567;0,08496817,0,5775502,0,09451413;0,0800185,0,6490523,0,09703293;0,07230139,0,720315,0,09936984;0,06541742,0,7915982,0,09553355;0,04848661,0,8611983,0,09198837;0,01747868,1,0,07595878;0,01747868,1,0,07595878;0,01747868,1,0,07595878;0,01747868,1,0,07595878;Lightning
0,02296758,0,02832474,0,1661937;0,04401694,0,002305468,0,1054213;0,06840265,0,0,04051079;0,1034646,0,04407825,0;0,1224724,0,1097354,0,01188256;0,1299781,0,1702876,0,04490462;0,1348626,0,2289878,0,0815622;0,1415171,0,2893102,0,115182;0,1501975,0,3530366,0,1412003;0,1432781,0,4208114,0,1543174;0,1312045,0,4889565,0,1591989;0,1144885,0,556291,0,1592164;0,09563212,0,6230577,0,1592741;0,07995535,0,6906406,0,1596635;0,0660207,0,75859,0,1582376;0,05048692,0,8249099,0,1450561;0,1,0,1088458;0,1,0,1088458;0,1,0,1088458;0,1,0,1088458;Lightning
0,09392322,0,1775869,0,263269;0,1007714,0,1061002,0,2092248;0,1140522,0,04539439,0,1442907;0,1412723,0,0,07165167;0,1873665,0,02862494,0;0,1845791,0,1095876,0,0389268;0,1793724,0,1890497,0,08060031;0,1776828,0,2734339,0,1114947;0,1654247,0,3619054,0,1215228;0,1426793,0,4488434,0,119962;0,1152176,0,5341633,0,1132988;0,0886656,0,6200188,0,1146506;0,07052249,0,7079636,0,1184667;0,05782586,0,7969331,0,1173471;0,02808577,0,8796709,0,09869196;0,1,0,07049792;0,1,0,07049792;0,1,0,07049792;0,1,0,07049792;0,1,0,07049792;Lightning
0,0747171,0,1172957,0,177115;0,1006448,0,05144658,0,1484143;0,124667,0,001113723,0,09624514;0,1563627,0,0,0267741;0,1874907,0,06439159,0;0,2114459,0,1367928,0,004037822;0,2180388,0,2087871,0,02864332;0,2172078,0,2824493,0,04877478;0,2092514,0,3577863,0,05842424;0,1901069,0,4317096,0,05938209;0,1668413,0,5044469,0,0590786;0,1448028,0,5775002,0,06217656;0,124287,0,6507487,0,06894694;0,105885,0,7247493,0,07311505;0,1,0,0714748;0,1,0,0714748;0,1,0,0714748;0,1,0,0714748;0,1,0,0714748;0,1,0,0714748;Lightning
0,04377802,0,1168477,0,1958904;0,05602242,0,04908468,0,1672539;0,08419339,0,0,1186854;0,1057986,0,004846191,0,04747062;0,1319152,0,05710667,0,001117935;0,1417715,0,1310216,0;0,1476474,0,2051056,0,006232324;0,1436609,0,2775132,0,02364097;0,1383177,0,3506189,0,03738146;0,1318464,0,4244797,0,04541358;0,1257418,0,4988067,0,04560366;0,1090005,0,5714223,0,04268752;0,08348402,0,6414807,0,0410927;0,0552101,0,7104469,0,04355557;0,03372831,0,7813706,0,05193164;0,01979064,0,8529997,0,06732097;0,007753586,0,9254736,0,08014423;0,1,0,06692857;0,1,0,06692857;0,1,0,06692857;Lightning
0,03264746,0,1180648,0,1877296;0,05693159,0,05080121,0,1637243;0,08199228,0,01008994,0,1053725;0,09302358,0,0,0314342;0,1122647,0,06581826,0;0,1245752,0,1400814,0,004879666;0,1358422,0,2138211,0,01609907;0,1424931,0,2878712,0,02885556;0,141434,0,3631301,0,03388979;0,1290553,0,4374517,0,03022189;0,1081681,0,5092339,0,02015147;0,08413801,0,5805203,0,01456873;0,0656021,0,65352,0,01034631;0,05163153,0,7274718,0,01547697;0,04447965,0,8024912,0,01884266;0,1,0,02061814;0,1,0,02061814;0,1,0,02061814;0,1,0,02061814;0,1,0,02061814;Lightning
0,02847351,0,2671809,0,2107786;0,02640499,0,1815913,0,2132203;0,04352501,0,1027073,0,1845841;0,05923662,0,03651526,0,1325498;0,07743907,0,0,05724299;0,1204147,0,04703349,0;0,1245267,0,1295924,0,02242615;0,1244845,0,2109366,0,049239;0,1234498,0,292449,0,07551564;0,1201052,0,3760901,0,0936481;0,1072468,0,4605113,0,1002457;0,0862937,0,5432805,0,09346043;0,06015562,0,6244407,0,0853584;0,04285187,0,7083071,0,08367809;0,03279763,0,7933351,0,08145484;0,02796926,0,877211,0,06480111;0,1,0,0362874;0,1,0,0362874;0,1,0,0362874;0,1,0,0362874;Lightning
0,02064112,0,1194608,0,1791567;0,04867082,0,05435775,0,1512947;0,05803006,0,0,09877808;0,0823351,0,003590603,0,02668972;0,115371,0,06680964,0;0,1217923,0,1415288,0,01327267;0,1227775,0,2154116,0,03173132;0,1241147,0,2907511,0,04280084;0,1227068,0,3667593,0,04739731;0,1129368,0,4422863,0,04662578;0,1024003,0,5175977,0,04243885;0,08979193,0,5927056,0,04286509;0,07937015,0,6680616,0,0392295;0,06874336,0,7434676,0,04039734;0,05566343,0,8178251,0,03038554;0,1,0,001426944;0,1,0,001426944;0,1,0,001426944;0,1,0,001426944;0,1,0,001426944;Lightning
0,01372002,0,0436815,0,156867;0,03351732,0,01006339,0,09492747;0,03801161,0,0,02255941;0,07830046,0,05680218,0;0,106491,0,1192187,0,02584729;0,1177993,0,1814795,0,06264846;0,1232972,0,2470584,0,09470757;0,125585,0,3172577,0,1153335;0,119888,0,3899744,0,1215331;0,1057852,0,461707,0,1177723;0,08792761,0,5324195,0,1114908;0,07163528,0,6034715,0,1047986;0,05868687,0,6754314,0,1012312;0,04912645,0,7476225,0,09377207;0,02903542,0,817102,0,08247857;0,1,0,05702168;0,1,0,05702168;0,1,0,05702168;0,1,0,05702168;0,1,0,05702168;Lightning
0,0,06576122,0,1731547;0,02236809,0,02321311,0,1263003;0,02988667,0,0,06376527;0,03264618,0,02079388,0;0,05303369,0,08440144,0,006666088;0,06338919,0,1465426,0,02984469;0,06957266,0,2097553,0,0515688;0,07292428,0,2737513,0,07155076;0,07948946,0,3392905,0,0844937;0,07832546,0,4063655,0,08685852;0,0697854,0,4726505,0,08058289;0,05636273,0,5377564,0,07125233;0,0430098,0,6032364,0,06492127;0,03251213,0,6692601,0,05886448;0,02206084,0,7355505,0,057326;0,02128456,0,8025983,0,05416331;0,01905407,1,0,04678048;0,01905407,1,0,04678048;0,01905407,1,0,04678048;0,01905407,1,0,04678048;Lightning
0,006542814,0,1924914,0,2295696;0,0,1157016,0,210006;0,01639,0,05139787,0,1662038;0,01338838,0,009883072,0,09845624;0,017586,0,0,01967215;0,03847129,0,07415549,0;0,04623934,0,1516645,0,01594492;0,04941031,0,227369,0,0400488;0,05177961,0,3041856,0,06044037;0,05197745,0,3831103,0,07008777;0,04477722,0,4622894,0,06905483;0,03417099,0,5407287,0,06150475;0,02339325,0,6194336,0,05809846;0,01465685,0,6984391,0,05608907;0,01620249,0,7778749,0,05296111;0,009313131,1,0,03810544;0,009313131,1,0,03810544;0,009313131,1,0,03810544;0,009313131,1,0,03810544;0,009313131,1,0,03810544;Lightning
0,01872108,0,6322804,0,2215571;0,02330198,0,5209449,0,2468325;0,02272381,0,4081415,0,2650115;0,02535919,0,2939393,0,262493;0,02699876,0,1813132,0,2433069;0,03312493,0,07780451,0,1953086;0,04700201,0,0,11279;0,06426176,0,005993963,0;0,06832092,0,1189909,0,01645127;0,07394114,0,2299728,0,04303788;0,08030252,0,3427462,0,0602751;0,07417169,0,4568174,0,05791257;0,06086763,0,5697853,0,04711033;0,04518543,0,682856,0,04215973;0,03052904,0,7960858,0,04659;0,03907916,0,908507,0,02804863;0,1,0,00743347;0,1,0,00743347;0,1,0,00743347;0,1,0,00743347;Lightning
0,0,178925,0,2278349;0,02191704,0,1043655,0,2104033;0,03558097,0,03807917,0,1684181;0,04401229,0,0008364102,0,09852368;0,07265793,0,0,02421307;0,09829979,0,07141123,0;0,112439,0,1478845,0,01718324;0,1164385,0,2215899,0,04709741;0,1257419,0,2949372,0,07671072;0,1336058,0,3705816,0,100363;0,1301921,0,4497076,0,1087751;0,1160146,0,5279333,0,1039713;0,09957422,0,6053697,0,09521621;0,08847895,0,6842047,0,09291663;0,0765563,0,7628937,0,09595635;0,07722854,0,8425129,0,09404074;0,05918248,1,0,09815022;0,05918248,1,0,09815022;0,05918248,1,0,09815022;0,05918248,1,0,09815022;Lightning
0,0,1873666,0,2431086;0,01826372,0,1108123,0,2322887;0,02637433,0,04247395,0,1925988;0,04915666,0,0,1294472;0,06582973,0,03938572,0,06249969;0,07372981,0,1180248,0,07054245;0,07817881,0,1965981,0,08138791;0,08400651,0,2751783,0,09150665;0,08394863,0,354614,0,09258877;0,08259261,0,4337133,0,08533291;0,07826094,0,5120909,0,0731103;0,07103302,0,5905716,0,06312436;0,06660637,0,6694341,0,05462031;0,06136248,0,7483196,0,04682389;0,0699677,0,8257547,0,03130168;0,05836735,0,9030468,0,01706954;0,06141809,1,0;0,06141809,1,0;0,06141809,1,0;0,06141809,1,0;Lightning
0,002509414,0,1008996,0,191755;0,009537735,0,03833392,0,1517734;0,02772432,0,003585271,0,08833715;0,05059901,0,0,01744092;0,07909722,0,06667869,0;0,07254229,0,137241,0,02324604;0,0696364,0,2084232,0,04531488;0,06974623,0,2795959,0,06760421;0,06838573,0,3518137,0,08618163;0,06432449,0,4256995,0,09549644;0,058385,0,4998929,0,09075912;0,04470863,0,5718367,0,07663678;0,02929553,0,6432403,0,06159222;0,01741082,0,7168655,0,06090815;0,01036702,0,7908551,0,06709804;0,0156468,0,865243,0,06807788;0,1,0,06282062;0,1,0,06282062;0,1,0,06282062;0,1,0,06282062;Lightning
0,0,2096536,0,2186503;0,004777144,0,1270834,0,2191812;0,0279805,0,05663196,0,1825869;0,04505488,0,008789664,0,1173143;0,06479649,0,0,0374773;0,09155804,0,06870379,0;0,09483786,0,1471503,0,02600629;0,1019495,0,2239887,0,05577581;0,1071868,0,3023798,0,08162827;0,1083034,0,3832599,0,09889395;0,101197,0,4656578,0,09990444;0,08842809,0,5466805,0,08926446;0,07355977,0,6273695,0,07881598;0,06221756,0,708702,0,06895097;0,05335212,0,7905902,0,06142337;0,06366409,0,8721767,0,05257821;0,0472157,0,9525338,0,04194208;0,03039591,1,0,03801635;0,03039591,1,0,03801635;0,03039591,1,0,03801635;Lightning
0,1125934,0,176024,0,2137755;0,1464518,0,1025461,0,1946597;0,1695298,0,03931469,0,1458745;0,1889489,0,0,07524823;0,186796,0,03526866,0;0,1721499,0,1057431,0,04158914;0,1543342,0,1769063,0,08069427;0,1467947,0,250342,0,1189194;0,1350731,0,3286418,0,1442682;0,1330066,0,4110047,0,1553539;0,120387,0,4928798,0,1484238;0,1052147,0,5745144,0,1443749;0,0834513,0,6546518,0,1482694;0,06767049,0,7354611,0,1597433;0,06398517,0,818071,0,1682763;0,1,0,1403115;0,1,0,1403115;0,1,0,1403115;0,1,0,1403115;0,1,0,1403115;Lightning
0,1379709,0,04885196,0,1171593;0,1364447,0,0,06645586;0,1456912,0,02139634,0;0,1452307,0,09118696,0,009420018;0,1455302,0,1608208,0,0199424;0,1476587,0,2296139,0,03486426;0,1314992,0,2953596,0,05425638;0,1156963,0,3618944,0,0710816;0,1073518,0,4309037,0,08238496;0,09790463,0,5005796,0,08634761;0,08814424,0,5703189,0,08543006;0,07503891,0,6394673,0,08289392;0,05890809,0,7076458,0,09004674;0,04381958,0,7757242,0,09991423;0,03416955,0,845404,0,1032732;0,1,0,1058778;0,1,0,1058778;0,1,0,1058778;0,1,0,1058778;0,1,0,1058778;Lightning
0,1211055,0,04619883,0,1162817;0,1207955,0,0,06727339;0,1190687,0,002748107,0;0,1089081,0,06927188,0,00275591;0,1174776,0,1347175,0,01616006;0,1175078,0,1968424,0,04217422;0,1148302,0,2596055,0,06646153;0,1120583,0,325024,0,08224066;0,1057421,0,3919971,0,0855501;0,0945852,0,4582724,0,08115198;0,0786324,0,5229689,0,07134804;0,06266671,0,587158,0,05865578;0,0469236,0,6520847,0,05011681;0,03361537,0,7176411,0,04227496;0,02864647,0,7846357,0,03745024;0,1,0,0002451758;0,1,0,0002451758;0,1,0,0002451758;0,1,0,0002451758;0,1,0,0002451758;Lightning
0,03759496,0,1153193,0,1931201;0,0351849,0,04890434,0,165821;0,05715661,0,0,1179922;0,06832861,0,002950539,0,04708045;0,08548001,0,07165916,0,03495842;0,09805033,0,1421587,0,04077063;0,084482,0,2121093,0,04998017;0,07101312,0,2810856,0,06490798;0,06271052,0,350386,0,08195256;0,05992796,0,4206652,0,09661812;0,06033188,0,4921871,0,1034336;0,05454652,0,5629206,0,0922405;0,04247555,0,6320085,0,07664733;0,02611924,0,7013984,0,06773;0,01326841,0,7720695,0,06616999;0,0,8423743,0,05959889;0,006975549,0,9099962,0,03634801;0,003633696,1,0;0,003633696,1,0;0,003633696,1,0;Lightning
0,05120337,0,04553303,0,1510172;0,05689838,0,0,1006597;0,0825773,0,004041412,0,03768497;0,08141471,0,07116489,0,02608108;0,07678486,0,1379238,0,03886303;0,0624885,0,2028224,0,05387431;0,05866903,0,2680765,0,07308055;0,05732508,0,3338098,0,09093821;0,05533514,0,4008207,0,1030679;0,05270667,0,4688799,0,1014541;0,04765016,0,5361969,0,0922674;0,03809728,0,6018032,0,07657899;0,02988153,0,6675412,0,06068617;0,02126255,0,7344483,0,05116133;0,01395472,0,8017804,0,04377604;0,01828949,0,8692072,0,03503544;0,1,0;0,1,0;0,1,0;0,1,0;Lightning
0,0,02483974,0,1281406;0,01323405,0,0,065827;0,04358018,0,0106239,0,005483168;0,02532727,0,07628897,0;0,0313706,0,1423348,0,01663027;0,0378202,0,1997903,0,05313236;0,03546447,0,2566576,0,09102289;0,04029086,0,3156013,0,1253373;0,04496525,0,3784428,0,1518748;0,04774041,0,4444261,0,1695846;0,04385304,0,5126865,0,1703206;0,03536487,0,5794696,0,1583579;0,02229239,0,6453325,0,1454612;0,01127034,0,7123589,0,1376445;0,003393498,0,7802688,0,1364879;0,007523941,0,8484855,0,1343504;0,0121811,1,0,1241316;0,0121811,1,0,1241316;0,0121811,1,0,1241316;0,0121811,1,0,1241316;Lightning
0,0,1586104,0,1802446;0,01530995,0,09191113,0,1626596;0,02749031,0,03665394,0,1203428;0,04512934,0,0,06256928;0,06618012,0,02518685,0;0,06260668,0,09448081,0,01334175;0,06098058,0,1613484,0,03611244;0,06481887,0,2271545,0,0615537;0,07241169,0,2946666,0,08096749;0,07467768,0,3645819,0,09092476;0,07175792,0,4351518,0,09286849;0,06752326,0,5056817,0,09305771;0,06368339,0,5762321,0,09362085;0,0583675,0,6466842,0,09444582;0,05474884,0,7172337,0,09299731;0,05939846,1,0,07312319;0,05939846,1,0,07312319;0,05939846,1,0,07312319;0,05939846,1,0,07312319;0,05939846,1,0,07312319;Lightning
0,0,1441077,0,1605176;0,01430594,0,07632474,0,1436507;0,01997598,0,01957972,0,1008542;0,02981201,0,0,03300456;0,03631226,0,06286599,0;0,01995462,0,1321068,0,004671869;0,02146895,0,2019614,0,01887496;0,02718236,0,2701239,0,03899762;0,02925704,0,3379382,0,06092033;0,03027451,0,4070454,0,07843746;0,03011204,0,4776904,0,0880781;0,03016406,0,5489851,0,08721177;0,02498874,0,6195252,0,07821204;0,01787968,0,6896343,0,06735579;0,01674926,0,7605676,0,06022264;0,01644386,0,8318428,0,05836578;0,03804057,1,0,02435469;0,03804057,1,0,02435469;0,03804057,1,0,02435469;0,03804057,1,0,02435469;Lightning
0,0,1050561,0,1612005;0,005240717,0,04107767,0,1253722;0,01415464,0,0,06506018;0,03276211,0,02872807,0;0,03282762,0,1012463,0,01206093;0,03681436,0,1724118,0,03005964;0,03954246,0,2436236,0,04810956;0,04227434,0,3161961,0,05951752;0,03903564,0,3896223,0,06108898;0,03389049,0,4625989,0,05385673;0,02783883,0,5352054,0,044056;0,02056042,0,6079591,0,03642211;0,01076727,0,6804767,0,04346854;0,004465491,0,7534759,0,04944948;0,01848109,0,8255703,0,05266242;0,04693323,1,0,057064;0,04693323,1,0,057064;0,04693323,1,0,057064;0,04693323,1,0,057064;0,04693323,1,0,057064;Lightning
0,02190037,0,05378378,0,1347177;0,0184648,0,003555025,0,09313156;0,03104167,0,0,02915245;0,0401784,0,05771306,0;0,05163754,0,1219485,0,00257588;0,04182839,0,1860673,0,01010642;0,04408056,0,2500151,0,02313508;0,03788121,0,3139939,0,03464288;0,03554197,0,3784385,0,04491688;0,03337833,0,4435431,0,04948352;0,02562519,0,5079828,0,04230293;0,01515309,0,5720792,0,03551131;0,008108007,0,6368982,0,0319039;0,0001954964,0,701556,0,0364761;0,0,7667902,0,03941117;0,02123091,1,0,04663382;0,02123091,1,0,04663382;0,02123091,1,0,04663382;0,02123091,1,0,04663382;0,02123091,1,0,04663382;Lightning
0,005519943,0,1161664,0,1306683;0,007991706,0,05111049,0,1122697;0,02550559,0,0,07155272;0,04493476,0,009272242,0,007416789;0,0408146,0,07647395,0,0007956151;0,03494846,0,1438671,0;0,03918532,0,2104356,0,01129443;0,03936071,0,2764127,0,02625719;0,03743737,0,3431512,0,03717371;0,03259905,0,4105595,0,04027135;0,025213,0,4777315,0,03706825;0,01914956,0,545065,0,03455307;0,01101431,0,6121798,0,03204381;0,003088805,0,6793647,0,03152892;0,0,7469436,0,03219356;0,01566859,1,0,005753349;0,01566859,1,0,005753349;0,01566859,1,0,005753349;0,01566859,1,0,005753349;0,01566859,1,0,005753349;Lightning
0,0,1335289,0,1522028;0,01285687,0,06897837,0,1348669;0,02856646,0,01757854,0,09310722;0,04204807,0,0,02875004;0,05351239,0,06692877,0,02409005;0,06562883,0,1332057,0,03374258;0,06411427,0,1996481,0,04842993;0,06611073,0,2659545,0,06366393;0,06568295,0,3331338,0,07458998;0,06259796,0,4010407,0,07801655;0,05416752,0,4683641,0,07262238;0,04328523,0,535234,0,06609564;0,03500476,0,6025348,0,06020982;0,02805169,0,6700974,0,05578786;0,02119992,0,7376737,0,05141823;0,02191646,0,8055916,0,04703051;0,04586726,1,0;0,04586726,1,0;0,04586726,1,0;0,04586726,1,0;Lightning
0,0112206,0,2447344,0,2167606;0,01895816,0,1653944,0,2261394;0,01634325,0,08647975,0,2117059;0,03023807,0,01730787,0,1734324;0,05490284,0,0,09903637;0,05065593,0,0788514,0,08464544;0,06465948,0,1578095,0,08813798;0,07129996,0,2373086,0,09699655;0,07791767,0,3164258,0,1088018;0,08265412,0,3959926,0,1182552;0,08038537,0,4762245,0,1176461;0,07266444,0,5557188,0,1096631;0,06178922,0,6349286,0,1025776;0,05002422,0,7140079,0,09545467;0,03764315,0,7931564,0,09046482;0,0342741,0,8724177,0,07825969;0,1,0;0,1,0;0,1,0;0,1,0;Lightning
0,0,1133646,0,1715961;0,004653817,0,04928142,0,1487684;0,01488781,0,0,1027681;0,02417482,0,00826115,0,03572402;0,03345736,0,07564661,0,03098651;0,02867338,0,1434343,0,03658537;0,02717304,0,210923,0,04620006;0,02532555,0,2785743,0,05452444;0,03041615,0,3460979,0,06252766;0,03177826,0,4142268,0,06498195;0,02525353,0,4815973,0,0567329;0,02192106,0,5487086,0,0451403;0,014323,0,6162345,0,03948994;0,009307976,0,6840236,0,03411356;0,006028072,0,7521303,0,03447418;0,007107953,0,8202872,0,03617146;0,01782934,0,8859866,0,02140487;0,04143402,1,0;0,04143402,1,0;0,04143402,1,0;Lightning
0,01441433,0,3010543,0,2436228;0,0,2205738,0,2570609;0,006072981,0,1379388,0,2572623;0,02749673,0,05947099,0,2414737;0,04891556,0,0,1879023;0,08016793,0,02871428,0,1167388;0,06329562,0,1091669,0,1271391;0,06378841,0,1915571,0,1359179;0,07335135,0,2725018,0,1508162;0,07396711,0,3548425,0,1600414;0,07694475,0,4375209,0,1646103;0,07943093,0,5202779,0,1613638;0,07889096,0,6024609,0,1508227;0,07359893,0,684071,0,137509;0,07323928,0,7658164,0,1239809;0,08592232,0,8458273,0,106578;0,09970506,0,9150847,0,06323168;0,09457849,1,0;0,09457849,1,0;0,09457849,1,0;Lightning
0,0,04014585,0,193692;0,02929884,0,007333954,0,1434561;0,05176492,0,0,08100475;0,04525219,0,05904445,0,05050849;0,05219156,0,1233632,0,0670502;0,05841571,0,1864029,0,0881675;0,06446151,0,2496481,0,1087147;0,06476782,0,3150766,0,1220454;0,05906411,0,3814551,0,1265236;0,05038239,0,44756,0,1228559;0,04161366,0,5126652,0,110893;0,03251806,0,5774323,0,09743247;0,02567675,0,6432669,0,08861808;0,02109974,0,709416,0,08074147;0,02534771,0,7740542,0,06453833;0,03351874,1,0;0,03351874,1,0;0,03351874,1,0;0,03351874,1,0;0,03351874,1,0;Lightning
0,004407496,0,2657409,0,2154875;0,001913886,0,1921182,0,2316446;0,005737711,0,1171155,0,2247502;0,01581599,0,04813644,0,1959772;0,02186242,0,0,1382374;0,03306698,0,04977202,0,08269671;0,03580166,0,1241175,0,09505925;0,02893078,0,1986594,0,1042173;0,02896786,0,2733561,0,1146078;0,02922446,0,3484472,0,1215949;0,02621839,0,4237961,0,1226349;0,02648541,0,4991407,0,1193667;0,02418011,0,5735558,0,1073395;0,01677952,0,6467151,0,09059113;0,008494059,0,7203553,0,07658961;0,0002543701,0,7949879,0,06954441;0,0,8701394,0,0632389;0,01178195,1,0;0,01178195,1,0;0,01178195,1,0;Lightning
0,01488667,0,2003443,0,2569591;0,006405094,0,124887,0,2505555;0,0,05569009,0,2192905;0,02274893,0,0,1725161;0,03916594,0,02734796,0,1033112;0,02002892,0,09521802,0,1321933;0,02583322,0,1710229,0,1373578;0,03027514,0,2467052,0,1450522;0,0236784,0,3225027,0,1492897;0,02551869,0,3983692,0,1561916;0,02732377,0,4745361,0,1547476;0,02342529,0,5496066,0,1422594;0,01817399,0,624851,0,1314216;0,01758511,0,7001412,0,1196833;0,0126516,0,7752931,0,108082;0,01940767,0,8453036,0,0787627;0,0329276,1,0;0,0329276,1,0;0,0329276,1,0;0,0329276,1,0;Lightning
0,002961029,0,1270391,0,1882238;0,01305748,0,06420039,0,1592324;0,02204831,0,01500977,0,1103387;0,009419692,0,0,04320926;0,0,05417909,0;0,0108419,0,1229205,0,0069437;0,01590633,0,1897705,0,0268579;0,01671681,0,2557278,0,05009834;0,02006759,0,3221678,0,0716772;0,0200708,0,3905298,0,0864341;0,01644129,0,4599872,0,09375833;0,01171225,0,5295859,0,09873743;0,006038914,0,5992134,0,1020498;0,002326287,0,6690374,0,100648;0,001829797,0,738956,0,09913568;0,01234622,0,8070344,0,08705704;0,03349079,1,0,05193006;0,03349079,1,0,05193006;0,03349079,1,0,05193006;0,03349079,1,0,05193006;Lightning
0,007538726,0,2220552,0,1863682;0,0,1453211,0,1874884;0,01471032,0,07430691,0,1612819;0,02158062,0,01528419,0,1121361;0,0327237,0,0,03738035;0,0481871,0,06564897,0;0,05567644,0,1415363,0,01145538;0,0628376,0,2141585,0,03637357;0,0733223,0,2853158,0,06417463;0,07629599,0,3588752,0,08711737;0,08112271,0,433685,0,1051837;0,08253448,0,5104025,0,112841;0,07977705,0,5874267,0,1152625;0,07772949,0,6645033,0,116361;0,07548644,0,7415252,0,1193254;0,08305032,0,8182343,0,1171593;0,09781995,1,0,07968155;0,09781995,1,0,07968155;0,09781995,1,0,07968155;0,09781995,1,0,07968155;Lightning
0,0,187521,0,1923456;0,01282932,0,1131944,0,1844223;0,0228372,0,04605112,0,1506076;0,0270378,0,0,09049552;0,03625917,0,01178027,0,01614498;0,0298327,0,08560336,0;0,03798063,0,160008,0,01222167;0,0535773,0,2309102,0,03416347;0,06171078,0,3034841,0,0546253;0,06857669,0,3771005,0,07151584;0,07335366,0,451951,0,08275874;0,0753649,0,5275745,0,08813006;0,07634031,0,6033517,0,09107617;0,07607085,0,679183,0,09223741;0,08290306,0,7545544,0,08730873;0,08996814,0,8283009,0,07108074;0,09930749,1,0,038005;0,09930749,1,0,038005;0,09930749,1,0,038005;0,09930749,1,0,038005;Lightning
0,01387173,0,1836511,0,164516;0,006110969,0,1156947,0,150145;0,0,05117722,0,1239732;0,00502739,0,0,07663996;0,01315015,0,02066851,0,01037045;0,0009807977,0,08870658,0;0,01545908,0,1563669,0,009862781;0,03068754,0,2226748,0,02586798;0,0429679,0,2892168,0,04336603;0,0529543,0,3562057,0,06061657;0,05754758,0,4246249,0,07412711;0,06123593,0,4934955,0,08544266;0,06260434,0,5624564,0,09672771;0,0616883,0,6315736,0,1070611;0,05754323,0,7009273,0,1146573;0,05443108,0,7704637,0,1209674;0,05868926,0,840225,0,1211832;0,05664247,1,0,1036322;0,05664247,1,0,1036322;0,05664247,1,0,1036322;Lightning
0,001916961,0,1958181,0,1746223;0,0,1195428,0,1614909;0,01269527,0,05219602,0,1254735;0,02490963,0,0,06961292;0,0490308,0,02749557,0,001376711;0,05546334,0,1046367,0;0,06020943,0,1812622,0,01000048;0,06913619,0,2550348,0,03172484;0,07389855,0,3290014,0,05409157;0,07561214,0,404113,0,07278224;0,07459258,0,480838,0,08309041;0,07258437,0,5577767,0,09148131;0,0697564,0,6348555,0,09818075;0,07093772,0,7122055,0,1012787;0,0816595,0,7878972,0,08903804;0,09920823,1,0,0385293;0,09920823,1,0,0385293;0,09920823,1,0,0385293;0,09920823,1,0,0385293;0,09920823,1,0,0385293;Lightning
0,04156077,0,03434254,0,1110154;0,0454399,0,0,0562692;0,04757158,0,0319506,0;0,03196611,0,09439173,0,007012739;0,03846465,0,15655,0,02391606;0,03687223,0,2201302,0,03602506;0,0367833,0,2832692,0,05034543;0,03703246,0,3467464,0,06308074;0,03809192,0,4106667,0,07331178;0,04112658,0,4750524,0,079385;0,04057152,0,5397843,0,08042191;0,03832072,0,6044872,0,08071576;0,03576534,0,6691787,0,08043002;0,02998733,0,7336565,0,08134486;0,02828423,0,7983581,0,08289822;0,03173092,0,8621491,0,07238912;0,1,0,05763331;0,1,0,05763331;0,1,0,05763331;0,1,0,05763331;Lightning
0,01510251,0,1057381,0,152756;0,0,04367026,0,1223491;0,003668995,0,0,0668106;0,004263193,0,02326097,0;0,01869265,0,09239513,0,004164567;0,01850336,0,1610782,0,02112575;0,02504177,0,2252873,0,05010022;0,02802844,0,2914838,0,07488278;0,02672935,0,3604513,0,09059529;0,02729393,0,4307544,0,09848477;0,02753522,0,5014676,0,09632419;0,02442403,0,5716435,0,08791331;0,01942664,0,6418898,0,08116336;0,01391816,0,7121726,0,07524221;0,01627021,0,7827969,0,07181273;0,01695211,1,0,0401675;0,01695211,1,0,0401675;0,01695211,1,0,0401675;0,01695211,1,0,0401675;0,01695211,1,0,0401675;Lightning
0,0,1770196,0,1586801;0,01019638,0,1040615,0,1519516;0,01748916,0,03877953,0,1179342;0,01924848,0,0,05496463;0,005938394,0,04768479,0;0,01857791,0,1176622,0,02038434;0,02065253,0,1892604,0,03886401;0,02389688,0,261341,0,05517264;0,02898463,0,3345509,0,06447475;0,03020725,0,4084834,0,06661997;0,03058969,0,4822409,0,06098078;0,02829876,0,5559013,0,05457736;0,02456003,0,6297744,0,05363208;0,02421903,0,7036788,0,05044831;0,02492661,0,7768573,0,03965404;0,04301994,1,0,01992591;0,04301994,1,0,01992591;0,04301994,1,0,01992591;0,04301994,1,0,01992591;0,04301994,1,0,01992591;Lightning
0,004321141,0,1523397,0,1899273;0,0,08418578,0,1724001;0,01691427,0,02757459,0,1339305;0,03053349,0,0,07048774;0,02853965,0,04224876,0,01407946;0,02928658,0,1113287,0;0,03176671,0,1798494,0,01641905;0,03871358,0,2436364,0,04563875;0,04080676,0,3085534,0,07306566;0,04462741,0,3755254,0,09476753;0,05264885,0,4434497,0,1118784;0,06148434,0,5127062,0,1216917;0,05943194,0,5831257,0,1244666;0,05705926,0,6535757,0,1258803;0,05168148,0,7238353,0,1282226;0,05151358,0,7943276,0,1295041;0,09207614,1,0,07697916;0,09207614,1,0,07697916;0,09207614,1,0,07697916;0,09207614,1,0,07697916;Lightning
0,03775274,0,3678375,0,2210564;0,03104241,0,2775351,0,2429232;0,03606427,0,1845229,0,2418067;0,04232253,0,09604469,0,2133434;0,04679526,0,02348605,0,1550943;0,05487667,0,0,06531222;0,03613249,0,06372356,0;0,04350859,0,1551705,0,01614873;0,03556687,0,2439395,0,04325435;0,04553204,0,3299699,0,0775646;0,05178547,0,4208408,0,09708618;0,04843269,0,5138243,0,1016194;0,03567126,0,6060846,0,09991258;0,02402309,0,6982455,0,1068704;0,01234974,0,7899432,0,1184025;0,01684455,0,8829436,0,1154937;0,1,0,1016111;0,1,0,1016111;0,1,0,1016111;0,1,0,1016111;Lightning
0,0,2768923,0,1886119;0,02238841,0,2024599,0,2130135;0,01857537,0,1221049,0,2001525;0,03257502,0,05215828,0,1608036;0,03344102,0,0,09822869;0,03364218,0,008863151,0,01724556;0,05539182,0,08545564,0;0,05399469,0,1638894,0,02197871;0,05703373,0,2405636,0,04934084;0,06203409,0,3172857,0,07627746;0,06528412,0,3957399,0,09798525;0,06108976,0,4764687,0,1080916;0,04962136,0,5570753,0,1109034;0,03877126,0,6377266,0,1147105;0,02653578,0,717793,0,1234589;0,01965426,0,7981985,0,1346145;0,03187801,0,8787326,0,1359269;0,03852011,1,0,141624;0,03852011,1,0,141624;0,03852011,1,0,141624;Lightning
0,005066999,0,1759159,0,276718;0,0,09285393,0,2490745;0,0164779,0,0333957,0,1867663;0,02607758,0,0,1062573;0,03013795,0,02790377,0,02322708;0,03930458,0,1119609,0;0,04777149,0,1987889,0,008850379;0,05250824,0,2810657,0,03880397;0,04989662,0,3610433,0,07466315;0,05462078,0,4436803,0,1036102;0,05436706,0,5309072,0,112584;0,04368753,0,6179186,0,1146028;0,03567727,0,7047998,0,1233554;0,02660129,0,7882356,0,1487565;0,03381258,0,8684778,0,1833729;0,009936647,1,0,2445112;0,009936647,1,0,2445112;0,009936647,1,0,2445112;0,009936647,1,0,2445112;0,009936647,1,0,2445112;Lightning
0,0,04326379,0,1735606;0,01087122,0,0,1150224;0,01496429,0,01925606,0,04410616;0,03387632,0,08113918,0,009042284;0,03883883,0,1540108,0;0,03775772,0,2271092,0,008492424;0,03746764,0,2972871,0,03066523;0,03654858,0,3669844,0,05428964;0,03531556,0,4378209,0,07422262;0,03795655,0,5097911,0,08938763;0,03871496,0,5821875,0,10261;0,03354022,0,6540046,0,1178475;0,02929079,0,7236159,0,1413609;0,03242844,0,7901293,0,1727103;0,04554702,0,852926,0,2087817;0,06206864,1,0,2996352;0,06206864,1,0,2996352;0,06206864,1,0,2996352;0,06206864,1,0,2996352;0,06206864,1,0,2996352;Lightning
0,0,1398682,0,2273531;0,02880595,0,07149053,0,1989095;0,02413119,0,01634185,0,1418911;0,02901288,0,0,06428026;0,03328666,0,0561701,0,008235754;0,04509114,0,1343184,0;0,044013,0,2127643,0,01262592;0,04893396,0,2892415,0,03363436;0,0534347,0,3666392,0,05106023;0,05625463,0,4452125,0,06257602;0,05773451,0,5242221,0,07092066;0,05278397,0,6027276,0,08217677;0,051682,0,6811926,0,09468114;0,04677348,0,7569683,0,1180965;0,05525016,0,8306326,0,1466628;0,09200839,1,0,2379409;0,09200839,1,0,2379409;0,09200839,1,0,2379409;0,09200839,1,0,2379409;0,09200839,1,0,2379409;Lightning
0,01161828,0,1252225,0,2259255;0,008034383,0,05926678,0,1869334;0,006880519,0,00907157,0,1289463;0,006146158,0,0,05278498;0,01422584,0,06044771,0,006264236;0,0233507,0,1363482,0;0,02124876,0,2129963,0,002010852;0,01289103,0,2882283,0,01440741;0,02266966,0,3614484,0,03506152;0,02885184,0,4371078,0,04605362;0,02890944,0,5138082,0,04671079;0,02899309,0,5904721,0,04916399;0,0266675,0,6666796,0,05755451;0,02647934,0,7418474,0,07282338;0,01995856,0,8156695,0,09260149;0,0351794,0,8886173,0,1107768;0,1,0,1475132;0,1,0,1475132;0,1,0,1475132;0,1,0,1475132;Lightning
0,04420152,0,1033045,0,2106506;0,0284203,0,04400875,0,1719567;0,03112148,0,0,114353;0,0318399,0,004053625,0,04192856;0,03678123,0,06304371,0;0,03792191,0,1355616,0,00145183;0,04007935,0,2048971,0,02266923;0,04216427,0,2722869,0,04943733;0,04242719,0,3406042,0,0738284;0,04193046,0,4107697,0,0922351;0,0383384,0,4826249,0,1015179;0,02923311,0,5541494,0,1094923;0,02045342,0,6258428,0,1162185;0,009242118,0,6964899,0,1282821;0,0,7672027,0,1415683;0,002032496,0,8353254,0,1664163;0,001725173,1,0,2237975;0,001725173,1,0,2237975;0,001725173,1,0,2237975;0,001725173,1,0,2237975;Lightning
0,002845843,0,1721965,0,2033185;0,01560113,0,1003345,0,1939214;0,002194097,0,03928692,0,1550808;0,009110751,0,0,09324355;0,009709953,0,007757611,0,02006836;0,008917502,0,07855157,0;0,007694564,0,1513498,0,01068043;0,01055183,0,2221082,0,0306864;0,01488316,0,2927574,0,05081287;0,01826574,0,3644588,0,06701853;0,01941135,0,4373826,0,076814;0,01536997,0,510673,0,08204184;0,01103043,0,5835676,0,0911362;0,003496111,0,6557336,0,103402;0,0,7274578,0,119482;0,003900219,1,0,1882728;0,003900219,1,0,1882728;0,003900219,1,0,1882728;0,003900219,1,0,1882728;0,003900219,1,0,1882728;Lightning
0,01767314,0,1836438,0,1993251;0,03287166,0,1073469,0,1856094;0,02939336,0,03921824,0,1457756;0,03605793,0,0,07752716;0,02151254,0,03830422,0,009987849;0,02283037,0,116655,0;0,02387074,0,1944781,0,01352134;0,014457,0,2707045,0,03199426;0,007759129,0,3474942,0,04928086;0,005465046,0,4251301,0,0636941;0,009084447,0,5034286,0,07352172;0,01167827,0,5816429,0,08429838;0,009442889,0,6588672,0,100783;0,0,7345574,0,1213292;0,00194516,0,8096024,0,145922;0,00532219,1,0,2076864;0,00532219,1,0,2076864;0,00532219,1,0,2076864;0,00532219,1,0,2076864;0,00532219,1,0,2076864;Lightning
0,01418468,0,2310169,0,2583476;0,02771274,0,1504444,0,2532857;0,02161339,0,07857055,0,2145882;0,02083704,0,02402811,0,1535548;0,02402898,0,0,07536901;0,02090368,0,04438927,0,006663976;0,01441606,0,1257161,0;0,01664409,0,2055507,0,01794547;0,02320127,0,2825603,0,04490997;0,02771032,0,3614902,0,06613024;0,02637665,0,4425519,0,07743397;0,01942869,0,5236531,0,08608739;0,009575707,0,6037703,0,09967802;0,003810961,0,6832574,0,118363;0,0,7600922,0,1463353;0,01284149,0,8351518,0,1763636;0,0167616,1,0,2146128;0,0167616,1,0,2146128;0,0167616,1,0,2146128;0,0167616,1,0,2146128;Lightning
0,0,08555866,0,1828655;0,02424008,0,03149965,0,1468817;0,03745851,0,0,08656712;0,02575224,0,01671552,0,02032249;0,01580566,0,08223542,0;0,02175686,0,1504934,0,01049869;0,02838893,0,2170852,0,02856374;0,03302485,0,2816128,0,05345347;0,03699372,0,346747,0,07683244;0,03679954,0,4145461,0,09125604;0,03401076,0,4831024,0,1011082;0,02945987,0,5514801,0,1115282;0,02606838,0,6195534,0,12415;0,02505577,0,686726,0,1412269;0,02893583,0,755435,0,1495215;0,03699063,1,0,1855745;0,03699063,1,0,1855745;0,03699063,1,0,1855745;0,03699063,1,0,1855745;0,03699063,1,0,1855745;Lightning
0,04010972,0,02281176,0,1293746;0,03338668,0,0,07117387;0,01240281,0,03970824,0,02717577;0,02091222,0,09736899,0,003601928;0,01825857,0,1600817,0;0,0287961,0,2195167,0,0175879;0,03883584,0,2778863,0,03868525;0,04731895,0,3374507,0,05693403;0,04802001,0,3994972,0,06706516;0,04570185,0,4622663,0,06981676;0,04067945,0,524788,0,06549227;0,03281392,0,5868861,0,05958852;0,02645995,0,6491632,0,05374999;0,01986744,0,7115443,0,04950356;0,01891092,0,77428,0,04547689;0,1,0,004380811;0,1,0,004380811;0,1,0,004380811;0,1,0,004380811;0,1,0,004380811;Lightning
0,0214773,0,1520785,0,1925019;0,02515558,0,07728742,0,185481;0,04069901,0,01636203,0,1442133;0,04188976,0,0,07081439;0,02306239,0,04014627,0,01006628;0,02905143,0,1144385,0;0,03034882,0,1877172,0,01688407;0,03911453,0,2584756,0,0408203;0,0418712,0,3319229,0,05677046;0,04139694,0,4068989,0,06267824;0,03402188,0,481745,0,06223021;0,02753411,0,5566402,0,06449743;0,02262242,0,631547,0,06912101;0,01734718,0,7059814,0,07851379;0,0217772,0,7807118,0,08574411;0,1,0,08466424;0,1,0,08466424;0,1,0,08466424;0,1,0,08466424;0,1,0,08466424;Lightning
0,005546312,0,1209788,0,2364227;0,0007030687,0,05606034,0,1969123;0,008750602,0,007733735,0,1386138;0,01220627,0,0,06293557;0,0,04337127,0,001544329;0,01163717,0,1186118,0;0,01488771,0,1936514,0,01254736;0,008210902,0,2632275,0,04277196;0,009600806,0,3339247,0,07103727;0,01691668,0,4069344,0,09140851;0,01346453,0,4829701,0,08904349;0,007433054,0,5587848,0,08520816;0,00509012,0,6348982,0,08475772;0,00372,0,7106012,0,09288903;0,003422891,0,7861394,0,1025236;0,07478628,1,0,1273804;0,07478628,1,0,1273804;0,07478628,1,0,1273804;0,07478628,1,0,1273804;0,07478628,1,0,1273804;Lightning
0,0,304315,0,2065131;0,005056801,0,2154279,0,215693;0,009985113,0,1274386,0,2000616;0,01819224,0,04602539,0,1637946;0,03794264,0,0,08961683;0,07563049,0,04107761,0,01959533;0,08600648,0,1277904,0;0,07619937,0,2167504,0,0008422681;0,0784286,0,3047719,0,01690428;0,0830912,0,3934123,0,02838866;0,0932302,0,4819626,0,03656182;0,09005454,0,5711842,0,04290119;0,08309131,0,659885,0,05261887;0,07874537,0,7480066,0,06766744;0,07058248,0,8337634,0,09195527;0,07739883,0,9168991,0,1244014;0,04291776,1,0,1568847;0,04291776,1,0,1568847;0,04291776,1,0,1568847;0,04291776,1,0,1568847;Lightning
0,0,07308872,0,1703178;0,005011152,0,008745463,0,1370932;0,01050417,0,0,06524352;0,02080784,0,06039548,0,02631719;0,02423599,0,1300693,0,006246372;0,02102406,0,2023168,0;0,02820473,0,2739179,0,009526764;0,03542941,0,3454671,0,01940336;0,03825702,0,4179696,0,02151146;0,03720398,0,490524,0,01956959;0,0324863,0,5628082,0,01490184;0,02357285,0,6348221,0,01300917;0,01730293,0,7069691,0,01796165;0,01229883,0,7788346,0,02686911;0,01214554,0,8495412,0,04328868;0,02205655,0,9180045,0,06527928;0,0208136,1,0,09619407;0,0208136,1,0,09619407;0,0208136,1,0,09619407;0,0208136,1,0,09619407;Lightning
0,0,1433771,0,2160024;0,01010694,0,07134437,0,1921951;0,02072953,0,01016327,0,1474549;0,01812971,0,0,07164197;0,0358507,0,05468245,0,02111032;0,05668481,0,1260223,0,002828571;0,05878489,0,2024765,0;0,06214642,0,2783195,0,009704796;0,07234798,0,3531611,0,02204684;0,08506592,0,4283189,0,02891816;0,08902118,0,5044609,0,03558097;0,08347218,0,5803978,0,04335618;0,07958897,0,65595,0,05495078;0,07611338,0,7313302,0,06773379;0,07378705,0,8048119,0,08900999;0,07460805,0,8788835,0,1082553;0,02572699,1,0,1544544;0,02572699,1,0,1544544;0,02572699,1,0,1544544;0,02572699,1,0,1544544;Lightning
0,0,1685873,0,2061056;0,01829553,0,09454158,0,1873537;0,02268051,0,03123449,0,1410708;0,02890786,0,0,06927416;0,02727222,0,05854059,0,01693437;0,03735369,0,1345716,0;0,05227473,0,2112501,0,008179431;0,06623589,0,2856401,0,02916384;0,07205968,0,3622248,0,04559534;0,07549966,0,439778,0,0575451;0,07568385,0,5178676,0,06597838;0,07052827,0,596074,0,07110608;0,06813511,0,6740471,0,08024964;0,06561892,0,7514036,0,0936197;0,06185643,0,8289849,0,1052863;0,06669393,0,9058502,0,1206959;0,04519679,1,0,1603034;0,04519679,1,0,1603034;0,04519679,1,0,1603034;0,04519679,1,0,1603034;Lightning
0,01149631,0,05716274,0,146195;0,0,0,1083959;0,002748361,0,007605328,0,03938055;0,009606027,0,07088545,0,01150379;0,01806821,0,1388896,0;0,02343057,0,2080189,0,00457231;0,02488901,0,2767289,0,01483442;0,02836802,0,3455934,0,0234425;0,02829275,0,4148394,0,02923017;0,02550333,0,4841863,0,03265604;0,0210974,0,5534584,0,03589293;0,01564636,0,6224051,0,04261228;0,0120987,0,6906881,0,05499634;0,00960451,0,7576425,0,07341928;0,01430794,0,8226622,0,09747797;0,0009402229,1,0,1656141;0,0009402229,1,0,1656141;0,0009402229,1,0,1656141;0,0009402229,1,0,1656141;0,0009402229,1,0,1656141;Lightning
0,01796888,0,01804977,0,1123181;0,01453378,0,0,04769976;0,0,05904853,0,01914882;0,01549789,0,1223641,0,002898718;0,03065183,0,1877482,0;0,03526659,0,2543553,0,007437693;0,04141488,0,3200003,0,0203238;0,04614779,0,38617,0,03092041;0,04433981,0,4531891,0,03519703;0,04287211,0,5203429,0,03634789;0,03647525,0,5872103,0,03732356;0,03303974,0,6542501,0,03996674;0,03061595,0,7212305,0,04453459;0,0291643,0,7878305,0,05322127;0,03699523,0,8535144,0,06494448;0,03137685,0,9186575,0,08036942;0,03514886,1,0,1063538;0,03514886,1,0,1063538;0,03514886,1,0,1063538;0,03514886,1,0,1063538;Lightning
0,01206902,0,05634878,0,134314;0,01196313,0,0,09397271;0,002006746,0,03686272,0,03613997;0,002790381,0,1034751,0,01704049;0,0,1718121,0,005865452;0,002273079,0,240952,0,001725783;0,003084616,0,3102449,0,001062903;0,009042691,0,3792814,0,002105922;0,01368244,0,4484238,0,001463069;0,01311425,0,5177138,0,0003742483;0,01136576,0,5869917,0;0,01213726,0,6561325,0,004643362;0,0117426,0,7251824,0,01052293;0,0118952,0,7942213,0,01654211;0,01627804,0,8609431,0,03475203;0,03767025,0,9248462,0,05091934;0,03724133,0,9906066,0,07278288;0,03430205,1,0,07801986;0,03430205,1,0,07801986;0,03430205,1,0,07801986;Lightning
0,0182008,0,03853311,0,1771069;0,01707262,0,0,1202544;0,006221646,0,02974453,0,05929709;0,001917024,0,08387524,0,01723033;0,0,1503411,0;0,000964331,0,219024,5,672004E-06;0,004722169,0,2865545,0,01199712;0,0139171,0,3531184,0,02624375;0,01734484,0,4210417,0,03588478;0,01649762,0,4893311,0,04324157;0,01464491,0,5576055,0,05055267;0,01168301,0,6254611,0,06080521;0,009722594,0,6926484,0,0749582;0,01272867,0,7588223,0,09313107;0,03341848,0,8233503,0,1043711;0,06075506,1,0,1317619;0,06075506,1,0,1317619;0,06075506,1,0,1317619;0,06075506,1,0,1317619;0,06075506,1,0,1317619;Lightning
0,01965429,0,1700384,0,2200999;0,01871877,0,0865367,0,2104836;0,02029801,0,02095904,0,1579199;0,01219856,0,0,07691997;0,0,05440432,0,01401339;0,005724968,0,1370888,0;0,01098843,0,2195127,0,01563536;0,01384211,0,3012333,0,03511553;0,01912363,0,3836364,0,05085402;0,01945377,0,4671852,0,06009279;0,01921868,0,5508953,0,06773829;0,01978987,0,634096,0,07970387;0,02435772,0,7167157,0,09450205;0,02917316,0,7964109,0,1207958;0,04805476,0,8776441,0,1313085;0,02551827,1,0,1566672;0,02551827,1,0,1566672;0,02551827,1,0,1566672;0,02551827,1,0,1566672;0,02551827,1,0,1566672;Lightning
0,01946993,0,07687455,0,1767913;0,02012335,0,0224443,0,1292701;0,008116181,0,0,06164302;0,0,05407025,0,01440023;0,01832043,0,1224686,0;0,03154882,0,1929149,0,009147207;0,03848676,0,2638855,0,02082575;0,04944082,0,3344378,0,03194901;0,0564188,0,4059936,0,03918942;0,05669083,0,4780416,0,04469933;0,05553997,0,5499955,0,05122947;0,05297275,0,6216474,0,06021631;0,05034468,0,6931973,0,0699662;0,04875356,0,7641131,0,08374108;0,05618186,0,8351787,0,09450494;0,06439423,0,9069681,0,09493179;0,05349141,1,0,1149583;0,05349141,1,0,1149583;0,05349141,1,0,1149583;0,05349141,1,0,1149583;Lightning
0,003225278,0,2016556,0,2485924;0,0,1255656,0,2331812;0,01013843,0,05756555,0,196976;0,01265478,0,003962444,0,1407801;0,01199852,0,0,06318191;0,008709471,0,05209354,0,005622816;0,01619281,0,1292297,0;0,02526805,0,2040281,0,01898536;0,03057816,0,2785411,0,04036816;0,0350073,0,3540561,0,05812944;0,03163989,0,4304871,0,07171497;0,02472235,0,5071341,0,08243873;0,01886441,0,5838582,0,09324107;0,0136591,0,6601346,0,1071126;0,01167274,0,7368056,0,1195719;0,01461557,0,8133164,0,1328014;0,0229075,0,8901722,0,1406787;0,02738379,1,0,1756642;0,02738379,1,0,1756642;0,02738379,1,0,1756642;Lightning
0,00836256,0,1296348,0,1731496;0,01371217,0,05831162,0,1522625;0,03049089,0,0,1090176;0,01786792,0,0002703767,0,03558413;0,01598828,0,06570831,0;0,03143902,0,1385382,0,002996068;0,03934278,0,21225,0,01047848;0,04773433,0,28541,0,02183988;0,04623758,0,3588251,0,03448335;0,04304792,0,4320015,0,04815614;0,04003108,0,5053474,0,06092966;0,03382263,0,5790216,0,07017396;0,01720498,0,6504535,0,08333492;0,009143523,0,7234443,0,09595449;0,0,7956831,0,1117605;0,0001977308,0,8695847,0,1212691;0,0231787,0,9402899,0,1262199;0,02406056,1,0,1544053;0,02406056,1,0,1544053;0,02406056,1,0,1544053;Lightning
0,04840646,0,02184582,0,1371012;0,04003381,0,0,07610533;0,0392158,0,05026321,0,03438266;0,04055896,0,1155573,0,03273296;0,04350182,0,1805619,0,03852834;0,04779736,0,2444961,0,05124854;0,05310801,0,3079969,0,0656458;0,05462516,0,3718758,0,07924864;0,05163033,0,4365993,0,08759966;0,04863486,0,5016927,0,09225942;0,04204183,0,5666616,0,09410565;0,03396508,0,6314834,0,09496678;0,03205878,0,6967695,0,09635634;0,02790063,0,7619371,0,09829147;0,02337381,0,8267009,0,0910118;0,01252358,0,8875964,0,06999141;0,0,9453911,0,04222845;0,003861725,1,0;0,003861725,1,0;0,003861725,1,0;Lightning
0,03101027,0,107492,0,1738504;0,04452834,0,04721843,0,1502021;0,06085898,0,009062888,0,09870113;0,03781153,0,0,0373695;0,03039715,0,05406881,0;0,03960627,0,1186612,0,01085825;0,04417716,0,182586,0,02721749;0,05472782,0,244989,0,0464382;0,06083362,0,3080626,0,06539404;0,0651428,0,3722646,0,080705;0,06273947,0,4376899,0,09012035;0,0579712,0,5033534,0,09648041;0,05034237,0,5689401,0,1003636;0,04618175,0,6346212,0,1069639;0,04195462,0,7005138,0,1108586;0,03625065,0,7663566,0,1135224;0,02913466,0,8321023,0,1122009;0,1,0,07321482;0,1,0,07321482;0,1,0,07321482;Lightning
0,04333929,0,165549,0,1734494;0,06255627,0,09904332,0,1731892;0,08460642,0,04115047,0,142293;0,0915638,0,0,08706073;0,07765092,0,01225512,0,02036285;0,08142152,0,07831192,0;0,08697033,0,1466767,0,009372112;0,09344286,0,2130674,0,02788535;0,09367605,0,2792531,0,04817756;0,09172456,0,3455242,0,06809454;0,08810268,0,4125137,0,08517235;0,0817704,0,4803944,0,09719232;0,07313906,0,5484642,0,1063768;0,06049969,0,6160542,0,1143898;0,05093087,0,6843098,0,1208679;0,04377093,0,7530202,0,1253381;0,03437166,0,8211948,0,1328375;0,0288128,0,8893023,0,1439202;0,1,0,1480938;0,1,0,1480938;Lightning
0,004261216,0,1189486,0,181556;0,01780156,0,05866277,0,1538498;0,01961229,0,01388131,0,1030886;0,01100256,0,0,03737305;0,008945268,0,05643027,0;0,01046532,0,1231388,0,01153291;0,01552965,0,1873733,0,03235691;0,02083596,0,2511508,0,05448442;0,0249444,0,3159365,0,07375359;0,02641735,0,3821363,0,08792301;0,02259884,0,449378,0,09494536;0,01729375,0,5167013,0,0999246;0,009795404,0,5836695,0,1065864;0,005339649,0,6506287,0,1156404;0,0005747961,0,7174119,0,1257724;0,0,7844353,0,1354106;0,00104571,0,8513476,0,1457544;0,001597283,1,0,1712182;0,001597283,1,0,1712182;0,001597283,1,0,1712182;Lightning
0,02059893,0,08820336,0,1543992;0,03095574,0,03275568,0,1193871;0,04075452,0,0,06247842;0,04462646,0,02211347,0;0,04102204,0,08740389,0,01147686;0,03913452,0,1516413,0,02813639;0,04405277,0,2145168,0,04887381;0,0479005,0,2769041,0,07124715;0,05006038,0,3410011,0,08840691;0,04941944,0,4062312,0,1007432;0,04566756,0,4721262,0,107907;0,03909429,0,5381302,0,1107018;0,03181262,0,6040586,0,1135263;0,02688732,0,6702621,0,1141511;0,01977865,0,7362515,0,1157048;0,01533717,0,8024886,0,1163836;0,1,0,0913054;0,1,0,0913054;0,1,0,0913054;0,1,0,0913054;Lightning
0,03557636,0,003413946,0,07196265;0,03423673,0,0,01171108;0,04077926,0,05885359,0;0,03362838,0,1162256,0,01735002;0,04204604,0,1730729,0,03582209;0,04439802,0,2293524,0,05751987;0,04357548,0,2861114,0,07804885;0,0497013,0,3428517,0,09771375;0,05257517,0,4018494,0,1101519;0,04970563,0,462107,0,1122723;0,04632794,0,5222058,0,1077539;0,03559484,0,5807402,0,09764344;0,02544731,0,6397868,0,09027951;0,01917507,0,6995347,0,08440151;0,01317326,0,7595122,0,08118035;0,01131037,0,8198463,0,08100928;0,01141722,0,8802009,0,07999627;0,1,0,07007279;0,1,0,07007279;0,1,0,07007279;Lightning
0,03203259,0,1468541,0,1818235;0,04219135,0,07361596,0,1650789;0,04999369,0,01739434,0,1148229;0,04306921,0,0,0413593;0,02911244,0,06198409,0;0,02640373,0,1371132,0,0097825;0,03778534,0,2048091,0,04195591;0,04643999,0,2709713,0,07794312;0,05391645,0,340115,0,1081203;0,05783716,0,4131116,0,1282086;0,05649937,0,4878261,0,1409896;0,04449821,0,5626668,0,1394902;0,02140104,0,6343268,0,1306138;0,008682604,0,7087791,0,1240952;0,0,7840276,0,1272053;2,437822E-05,0,8591751,0,1372184;0,02618057,0,929453,0,1483674;0,02214698,1,0,1280603;0,02214698,1,0,1280603;0,02214698,1,0,1280603;Lightning
0,03672864,0,06039597,0,1312664;0,02640832,0,00566608,0,100041;0,01936174,0,0,03683399;0,002025424,0,05047113,0,001776812;0,01035054,0,1137517,0;0,02145834,0,1743935,0,01661573;0,03558021,0,2335443,0,03607444;0,04173741,0,2944039,0,0543799;0,04771048,0,3566648,0,06721699;0,04906708,0,4199258,0,0757667;0,04483027,0,4836343,0,07617305;0,03718013,0,5470096,0,07477912;0,02958708,0,6103916,0,07337631;0,02309234,0,6738869,0,07163137;0,01509652,0,7371994,0,06951421;0,01013504,0,8008144,0,07183855;0,1,0,06286226;0,1,0,06286226;0,1,0,06286226;0,1,0,06286226;Lightning
0,05234621,0,09518284,0,2163327;0,05381212,0,03330758,0,1818614;0,0518779,0,0,1193648;0,03921866,0,004933783,0,04983521;0,06137067,0,05015218,0;0,06799206,0,1178373,0,01984547;0,06923316,0,1823412,0,04911444;0,07769358,0,2465846,0,07775301;0,0824099,0,3138857,0,09936982;0,08704866,0,3832047,0,113238;0,08764134,0,4537312,0,1199178;0,0786484,0,523981,0,1181672;0,06997406,0,5941784,0,1141617;0,06111108,0,6642494,0,1086416;0,05246414,0,7344698,0,1049966;0,04771264,0,8048821,0,09879157;0,1,0,06882513;0,1,0,06882513;0,1,0,06882513;0,1,0,06882513;Lightning
0,02948203,0,2134595,0,2122149;0,02840021,0,1410014,0,2194055;0,04830573,0,07333454,0,2012947;0,05180302,0,01537486,0,1573461;0,03151219,0,0,08911901;0,02104035,0,02881469,0,02306529;0,02622545,0,09769244,0;0,0321024,0,1693979,0,01126172;0,04253553,0,2385153,0,03168166;0,05229317,0,3079954,0,05118404;0,05653481,0,3792813,0,06544463;0,056498,0,4515877,0,07409412;0,05282699,0,5241697,0,07872108;0,04934946,0,596812,0,08246856;0,04673313,0,6693975,0,08771692;0,03811111,0,7415885,0,0918586;0,03431778,0,8142948,0,09341864;0,1,0,07213828;0,1,0,07213828;0,1,0,07213828;Lightning
0,005882306,0,1139412,0,2207752;0,01270973,0,05136277,0,1819021;0,01288899,0,005165059,0,1241135;0,0,0,05144309;0,008750303,0,05244834,0;0,02704846,0,1177047,0,02967453;0,03959653,0,1839873,0,06005469;0,04921257,0,2538449,0,08244302;0,05186068,0,3263682,0,09683588;0,05150692,0,4000644,0,1033577;0,0517059,0,474023,0,1013875;0,04676138,0,547439,0,09367821;0,0404653,0,6201866,0,08176472;0,03656898,0,6940327,0,07944742;0,03224766,0,7678742,0,0778508;0,03265693,0,8418564,0,07734011;0,001759479,1,0,06727693;0,001759479,1,0,06727693;0,001759479,1,0,06727693;0,001759479,1,0,06727693;Lightning
0,0,1633074,0,1460977;0,03172106,0,09391804,0,1427164;0,06779294,0,03435575,0,1113526;0,09748013,0,0,049945;0,1172164,0,05430023,0;0,1226699,0,1266324,0,02389267;0,1195092,0,1994202,0,04679438;0,1175271,0,2733341,0,06590818;0,1169812,0,348869,0,07716549;0,1144981,0,4251997,0,07722611;0,1093543,0,5009613,0,06908691;0,09972828,0,5758523,0,05763141;0,09479639,0,6515728,0,04899304;0,0887868,0,727341,0,04153635;0,0855635,0,8036063,0,0391399;0,09145325,0,8786891,0,02647362;0,07636581,1,0,005673866;0,07636581,1,0,005673866;0,07636581,1,0,005673866;0,07636581,1,0,005673866;Lightning
0,0,1827667,0,2199774;0,02333093,0,1116272,0,2144841;0,03136988,0,04434085,0,1821845;0,06335212,0,0007232254,0,130127;0,08696352,0,0,05887172;0,08473308,0,05117299,0,003992892;0,0898893,0,1259581,0;0,1003715,0,1966604,0,02294856;0,1113426,0,2652604,0,0513919;0,1191388,0,3348704,0,07839178;0,1169898,0,40842,0,09326401;0,1139151,0,4832061,0,09900177;0,1111025,0,558207,0,1005147;0,1066743,0,6329233,0,1062766;0,108541,0,707812,0,1111273;0,1098381,0,7822708,0,1205894;0,1451247,1,0,1445051;0,1451247,1,0,1445051;0,1451247,1,0,1445051;0,1451247,1,0,1445051;Lightning
0,01428568,0,1722325,0,2718945;0,03063927,0,09356771,0,2496999;0,03687174,0,02974063,0,196451;0,01009072,0,0,1233314;0,0,01668111,0,04228755;0,01740989,0,08637222,0;0,04464444,0,1647038,0,008404217;0,03649762,0,245456,0,02740198;0,0339445,0,3264193,0,04706451;0,03648106,0,4090124,0,0580254;0,04096219,0,4922416,0,05903134;0,04295669,0,5752444,0,05163132;0,03969048,0,6584813,0,04860615;0,0422152,0,7409318,0,06059489;0,04516878,0,8227561,0,07622369;0,05932604,0,9004298,0,1029549;0,05861079,0,9762453,0,1375916;0,06646848,1,0,1584318;0,06646848,1,0,1584318;0,06646848,1,0,1584318;Lightning
0,0846552,0,1287645,0,1745946;0,06521047,0,06582049,0,1521155;0,06044149,0,01328312,0,1067015;0,04362325,0,0,04047411;0,02599114,0,05645399,0,003766964;0,030025,0,1258434,0;0,03844385,0,1943592,0,008948185;0,03949309,0,262347,0,02384499;0,04119314,0,3299769,0,0402358;0,04595122,0,3980517,0,05396649;0,0426623,0,4673964,0,05905048;0,03950613,0,5369161,0,06060334;0,03070683,0,6059288,0,06287641;0,02411594,0,6751924,0,06499178;0,01756183,0,7438742,0,07422309;0,0136455,0,8133163,0,07701632;0,01483002,0,8826395,0,08320183;0,1,0,0924527;0,1,0,0924527;0,1,0,0924527;Lightning
0,01744175,0,2583288,0,2673319;0,0159017,0,173513,0,2659723;0,01549808,0,09342756,0,2379706;0,01544519,0,03035473,0,1812278;0,01697406,0,0,102018;0,0,04051619,0,02943525;0,002440043,0,1200495,0;0,008231017,0,2043321,0,007800221;0,01426327,0,2845129,0,0348667;0,01445998,0,3659978,0,05849097;0,02105758,0,449039,0,074571;0,0209037,0,533841,0,07712623;0,01778975,0,618319,0,06993705;0,01082162,0,7027194,0,0648411;0,009897879,0,7874487,0,06908763;0,01294248,0,8714732,0,08042499;0,04540844,0,9481649,0,09661993;0,04216074,1,0,1004104;0,04216074,1,0,1004104;0,04216074,1,0,1004104;Lightning
0,01017813,0,06738862,0,1765875;0,008954287,0,01289833,0,136761;0,01749493,0,0,07105308;0,01721637,0,05238136,0,02847431;0,022507,0,119291,0,02126681;0,02812797,0,186263,0,02759076;0,0289038,0,2531115,0,03694583;0,03396426,0,3197135,0,04671325;0,03601721,0,3871174,0,04977067;0,03683089,0,4545704,0,04726807;0,03943827,0,5219573,0,04426042;0,03524678,0,5888834,0,03650346;0,02808048,0,6556957,0,03005411;0,0204072,0,7227623,0,02985554;0,02187591,0,7898733,0,02272923;0,1,0;0,1,0;0,1,0;0,1,0;0,1,0;Lightning
